7 3

-55 -22 -49 20 -5 -59 -1 
-24 -40 -16 -29 -8 -29 57 
61 32 -19 31 -15 -20 -50 

-54 -33 -14 -22 -7 40 -33 
-12 -3 -16 28 -3 48 -35 
-63 8 25 -17 30 -28 -58 


23 32 37 18 -63 -23 17 
-64 44 -30 -40 -52 47 13 
17 -36 12 -27 -57 48 58 

14 38 -34 15 56 -47 -52 
-8 -17 50 -22 -32 -53 -9 
10 -45 -20 -24 10 -45 40 


20 20 0 9 39 21 2 
34 23 9 -4 -12 -27 63 
55 38 19 -42 29 56 63 

-64 -25 21 20 60 -43 -35 
28 30 57 -42 26 -33 -13 
-35 12 5 -15 41 -60 -3 


8 7 -38 45 -27 -43 -14 
24 21 15 -28 37 17 -42 
50 2 -36 50 10 -1 36 

-62 -15 -24 -36 -50 56 56 
-16 -24 3 47 18 21 -58 
29 -25 -17 30 -58 -3 61 


19 4 -60 48 -11 -6 -60 
-14 -20 -63 -12 21 -7 -5 
-30 13 28 20 42 -61 -60 

7 22 -63 -36 -39 16 -43 
30 -2 -32 35 0 0 9 
9 -41 58 49 35 -41 49 


24 41 22 44 14 -16 13 
49 21 -34 5 39 44 58 
-53 29 -19 32 25 19 48 

36 -14 38 48 34 -35 -38 
-5 -27 -9 6 50 -62 -6 
59 -16 6 -50 -49 23 36 


-47 -25 9 24 12 -47 -28 
59 32 17 30 19 16 -30 
26 -37 7 -3 9 6 44 

11 2 57 28 41 2 -12 
60 30 -2 6 -49 27 21 
33 -18 -39 40 38 -45 -43 


-46 0 -4 33 43 -20 6 
38 30 -46 49 -36 18 -60 
36 -24 11 -29 48 -13 -46 

24 -5 54 42 59 -14 11 
-59 26 26 48 -53 32 57 
-31 38 22 42 -8 43 -12 


-12 -1 -27 50 -57 35 15 
42 33 -29 8 -57 -45 61 
12 -4 54 -38 31 -19 52 

-43 -23 25 10 40 63 -4 
41 38 51 -44 -27 10 -23 
13 -30 35 -9 -55 22 11 


4 15 8 -2 47 57 -40 
-29 -25 24 27 -52 37 44 
8 -29 60 26 -61 -16 -9 

11 26 -7 -48 -23 -63 14 
-26 -46 11 -30 7 -26 -14 
-3 -35 -27 -32 -53 32 -35 


21 26 26 42 -43 55 48 
-8 -1 -10 32 43 46 35 
-46 19 -16 7 47 42 56 

-11 31 -20 34 27 49 0 
-17 -24 -10 32 -30 16 -5 
-9 -8 -16 -41 -60 -56 -7 


3 36 38 1 32 28 -33 
-32 -30 -35 -27 6 -1 59 
52 -12 -43 36 -24 -46 39 

35 20 -35 -11 -37 -42 -32 
57 34 -6 10 62 -36 57 
12 -29 8 1 23 29 -27 


-40 -9 0 39 63 -63 -25 
-15 -41 46 23 -42 48 45 
-51 18 -41 -17 -38 -5 -30 

-52 -32 49 10 25 -6 -37 
-8 -39 -40 41 -15 -58 0 
18 -27 59 31 55 -46 -50 


31 19 21 12 -19 -50 -51 
47 17 62 -27 55 -47 35 
52 30 -32 44 -21 -38 -43 

63 -22 8 30 61 -35 -22 
42 39 20 16 47 32 40 
6 -23 -62 -41 -58 4 -10 


-36 -31 -52 8 19 -48 -23 
-31 -38 26 5 8 39 -11 
16 -32 13 -25 -36 -63 -27 

-1 39 -3 16 51 58 -49 
-25 -13 -28 -4 -41 60 30 
-64 22 -30 43 -41 -32 46 


15 36 -43 5 -47 -4 -15 
5 -21 -54 47 -27 -38 41 
-27 30 -23 -19 41 -14 -28 

54 -43 -28 -37 32 -56 -62 
-62 22 -18 -49 59 54 -47 
-22 40 -45 -40 32 24 6 


0 -3 -37 41 -11 60 37 
38 26 -13 5 14 -19 7 
-59 29 59 -44 -25 14 -38 

44 6 21 47 -33 23 -26 
41 37 -64 -24 -45 -11 13 
2 -19 0 -4 5 -62 -57 


-43 -16 -37 3 -27 43 -24 
-16 -22 15 49 -15 -50 12 
-47 23 -58 -3 -15 -31 -28 

-38 -19 22 0 -33 -52 -10 
-58 -5 38 28 -10 34 57 
2 8 2 38 3 -30 55 


-5 11 33 -40 -28 -17 56 
35 28 -10 47 41 -63 40 
20 -15 16 16 -17 32 2 

0 9 3 -49 -60 -1 38 
14 18 39 -37 -57 11 11 
32 -25 10 -27 -10 45 60 


-23 -23 39 -50 0 -56 -49 
24 -10 -54 48 -64 49 -32 
12 -39 0 -27 15 10 -43 

3 46 6 44 -40 -19 58 
41 31 24 -6 -23 -14 -35 
3 0 -49 -35 15 3 -1 


24 -14 53 38 -49 -4 -13 
-49 34 -45 -42 -44 -11 44 
-52 22 48 -6 38 -9 -28 

-1 37 50 -47 -14 -36 45 
-8 -16 -63 21 54 42 -62 
-33 43 -36 -34 6 -12 28 


-44 -38 61 11 9 -1 -13 
-49 -12 37 20 -46 11 -61 
-44 35 -12 10 22 37 47 

5 30 37 -17 -31 36 -39 
52 11 22 -24 58 51 7 
18 -25 59 -44 23 -26 -8 


17 31 53 -20 22 -64 -2 
7 -21 -28 47 29 -41 -5 
36 -22 -45 34 12 -9 -54 

16 15 -51 26 -58 52 -5 
-7 1 -63 -20 56 58 -2 
18 -42 2 -39 2 38 -56 


27 17 45 4 13 -3 2 
62 31 58 4 23 51 -21 
-3 -30 34 27 -61 -44 -5 

-24 -45 15 -49 -17 0 -49 
47 21 5 -23 32 6 -5 
1 -17 -27 -1 -49 -32 -61 


18 38 18 26 39 11 -24 
-50 26 35 36 -31 7 32 
-36 12 -59 48 -20 -53 -56 

-44 -14 -16 48 -42 -37 -4 
19 -1 -51 33 -39 48 6 
36 -32 7 -50 36 23 34 


-30 9 0 38 47 51 2 
-18 -19 38 -5 -49 14 -49 
-7 -24 54 39 21 28 -30 

55 -35 51 44 -45 25 -50 
39 30 -40 22 34 27 27 
36 -22 -15 11 -56 9 -31 


-46 -8 58 -15 -33 5 -46 
-64 29 -11 -19 -30 7 41 
-59 27 -26 38 -10 14 -15 

0 28 -7 28 58 43 33 
-2 -4 -19 24 -15 15 -56 
-5 -36 31 34 -28 62 13 


-12 22 39 -28 34 15 14 
48 39 -31 -6 34 -8 -7 
41 -3 52 -35 52 17 -60 

11 32 -62 -15 34 17 -16 
-26 -2 63 -26 -33 -59 46 
-26 2 -26 -16 43 61 -9 


-13 -17 -41 44 -8 -49 45 
41 26 13 -2 21 -53 -62 
47 -13 -52 30 44 18 -35 

-4 0 -37 48 47 -14 28 
-41 -28 54 41 2 -5 42 
-39 20 36 39 -16 39 42 


23 28 5 44 27 41 63 
5 -26 -10 24 -55 19 60 
-9 -3 -35 -24 6 63 20 

-6 19 -36 25 29 -12 -1 
-51 -3 -21 -22 55 -23 -41 
-49 30 47 2 19 -57 14 


42 -5 -23 -31 -50 -5 31 
41 17 -13 -22 52 54 -17 
57 27 -33 46 -13 29 -5 

34 45 21 34 20 1 49 
53 24 -2 13 21 -61 60 
-55 32 -8 44 -29 -8 -58 


-18 4 48 -45 -21 -8 -46 
-6 -24 -46 37 -50 -9 -44 
-8 -19 -42 -37 -50 27 -61 

12 29 -55 3 -33 22 56 
-15 -19 -58 23 -59 -47 -10 
59 4 5 -33 52 23 46 


-43 -10 5 28 -35 46 -27 
-34 -24 46 39 51 -11 23 
-43 34 57 -8 25 1 -7 

-25 45 24 -49 -2 25 25 
-63 28 -53 -37 0 -31 34 
26 -33 -47 15 -29 -24 -53 


-60 -36 34 45 43 49 26 
-31 -36 -5 -9 63 55 -9 
-5 -26 45 11 -5 -40 46 

43 1 32 21 -44 50 4 
3 -31 42 -9 27 -30 -19 
12 -45 7 -19 -40 0 -3 


4 3 9 -29 34 61 39 
18 -28 5 -48 12 31 -36 
-15 29 38 39 -14 -9 46 

-46 -24 -12 18 -42 -14 1 
26 16 29 -20 22 -47 -35 
-60 21 46 -13 55 49 -3 


42 -18 -24 -38 35 43 -51 
10 -28 -61 36 -41 31 18 
30 -21 4 40 -21 -50 36 

14 36 -9 7 15 -13 -14 
-30 -32 43 38 45 -23 52 
-38 2 61 17 39 44 -44 


25 17 1 30 -18 34 24 
40 31 -7 44 21 41 -6 
-41 19 62 42 -10 -15 46 

63 -33 55 36 -61 -3 -38 
-15 -28 18 -2 -12 60 38 
-64 27 -41 7 -62 -36 -5 


-8 -13 -51 27 -35 27 51 
-61 2 46 22 -29 43 -6 
8 -19 54 14 -6 41 31 

-38 18 59 -44 35 -14 61 
3 -44 -27 43 19 3 -42 
17 -31 -23 -22 -55 -41 12 


63 -23 -40 -25 27 -64 15 
8 -8 56 -47 -11 7 26 
52 -15 -35 33 22 24 13 

-9 43 32 -29 44 59 -58 
10 -20 28 -26 28 -25 -60 
42 -8 -43 30 42 -13 -1 


30 32 -31 -7 10 -13 -7 
-8 7 -16 24 24 -25 -54 
-48 27 7 36 -38 60 63 

20 14 -33 -29 11 -18 10 
61 10 37 44 41 31 -17 
-36 13 18 -6 -17 -61 35 


58 -25 -29 -42 52 53 16 
56 15 2 -7 -26 50 -6 
-40 14 -10 -31 -53 1 -28 

-37 -35 39 -14 24 57 44 
20 39 28 -37 -16 -58 18 
26 -24 -60 -48 -26 55 40 


4 24 12 -46 -28 -26 -27 
61 20 10 28 10 61 -4 
44 8 -30 45 -63 15 11 

-46 -30 -63 -20 -38 44 -11 
43 13 -61 11 13 53 -27 
51 37 -13 42 -56 17 32 


31 18 16 24 -35 57 10 
-5 -35 -49 32 21 -21 -18 
58 11 22 -13 -26 52 9 

13 24 53 -10 -54 40 -58 
-18 -35 -3 -15 59 33 -38 
36 -15 -23 49 6 -64 -20 


43 42 24 45 40 -49 25 
-25 22 8 44 -6 -7 -7 
40 -31 37 -46 29 -64 -8 

-50 -44 -54 28 -23 -28 5 
60 27 47 -8 -4 -49 26 
63 24 63 28 20 -40 -57 


17 28 15 -22 3 -48 20 
-17 -30 -4 -19 -8 -19 -18 
-31 24 -54 -34 15 -25 -59 

-39 -23 -35 -15 45 42 43 
41 35 37 -42 20 -26 -16 
53 13 42 -32 33 -51 -40 


57 -14 -36 -47 -56 26 -41 
-13 -13 -36 20 11 50 54 
22 -18 4 44 -63 -8 -44 

-64 -24 3 -31 33 -48 -2 
-10 -44 15 -41 1 -35 2 
13 -31 60 -18 -47 -59 49 


7 24 -37 8 -10 44 -18 
43 16 -50 2 20 10 31 
11 -21 -4 -5 -26 27 -34 

10 34 57 -7 45 47 -7 
43 -9 5 -33 15 52 -7 
-64 32 18 -32 -32 -61 -60 


4 24 -23 33 -22 42 25 
44 23 -38 -4 11 15 -12 
14 -7 -57 -12 53 -45 -54 

12 45 -20 23 -8 15 -45 
55 -3 61 34 -3 24 -36 
12 -20 -34 -18 61 -1 41 


-7 44 45 -40 63 43 -28 
-28 -45 -7 -22 53 -12 -53 
-39 16 -30 -15 -47 35 44 

-35 -13 33 -18 -11 45 -42 
31 27 -11 14 -39 57 -5 
23 -2 53 -30 -24 -56 -32 


-58 -32 -8 7 -8 3 -23 
56 23 -36 -32 55 20 42 
9 -28 -1 -28 -49 60 -59 

49 -9 -36 -49 57 -1 -59 
-13 -32 -26 -7 1 30 -64 
-62 11 -3 -19 -56 -59 16 


-54 -25 48 29 41 -29 56 
-56 6 -33 -26 13 27 -52 
53 29 -40 34 -59 -18 -14 

-24 -18 -34 20 51 -35 -29 
-19 -20 -23 14 -4 56 -43 
5 -37 20 5 39 -5 -44 


38 12 -33 -21 21 61 -52 
-27 -39 33 3 -42 11 -21 
23 -21 -8 32 35 56 -58 

46 -34 39 46 -61 -27 -13 
-19 -24 26 -17 31 -39 -40 
49 42 25 -46 49 15 38 


3 41 -58 -28 -22 52 1 
31 36 -35 8 8 -2 -34 
-42 -6 -63 40 15 45 -17 

-29 -43 -43 38 62 -36 -54 
-10 -35 62 30 13 58 47 
63 33 -19 11 43 -54 19 


-39 -21 30 11 -3 -61 -59 
-61 18 27 3 -9 -51 -2 
38 -3 49 -36 58 -34 -45 

-47 -16 -59 -47 -13 -42 -5 
55 26 -8 -12 37 -19 -6 
-36 40 -12 22 -39 44 -52 


-37 -30 34 3 13 15 59 
-19 -12 -13 31 -54 18 15 
-47 -5 5 -24 -59 -58 -14 

8 38 40 -23 -50 21 -62 
-31 -31 3 11 15 58 34 
-10 -29 -37 -38 -51 -26 -18 


34 45 13 25 0 -43 49 
38 39 62 -43 54 61 42 
25 -11 42 -23 9 -24 1 

22 25 44 -17 -50 -37 35 
-29 -37 -13 -10 14 -17 -30 
-37 26 -14 2 -60 58 -16 


-59 -25 17 30 61 -37 -3 
15 1 -35 26 11 50 49 
2 -1 62 -32 -58 -43 33 

21 36 -9 20 35 -11 -50 
-28 -33 31 20 -51 0 -49 
37 -19 8 -23 53 -41 5 


-41 -14 -51 -39 8 -50 11 
-50 -19 45 26 -63 20 18 
12 -5 -13 24 -22 56 53 

19 22 22 3 37 50 -43 
-17 -35 -32 -13 -21 4 14 
-29 40 -57 -28 10 -64 -42 


33 29 52 43 20 -55 -16 
33 34 -28 9 54 15 -27 
-1 -19 -26 -42 26 -5 -62 

54 -10 53 24 -45 41 3 
-42 -27 61 38 -2 -23 35 
36 -2 58 -29 43 -32 -7 


-52 -4 -55 -50 -22 -37 -23 
-61 40 -39 -16 -40 -32 -20 
-61 37 57 -44 20 27 18 

1 8 -63 13 -60 -54 27 
14 -10 -55 41 49 -44 -22 
19 -17 -46 -19 29 60 25 


-57 -27 -42 -37 54 -27 49 
48 14 8 -28 47 47 -18 
-58 18 -57 -8 13 -49 -58 

-21 -28 23 -42 -56 55 37 
-2 -10 44 -18 -60 -12 19 
-19 10 25 27 -57 -17 12 


-41 -20 -2 -12 46 -52 17 
-21 -23 53 -28 22 38 -15 
9 -15 -60 -50 -62 28 1 

13 29 -4 -11 44 -58 -63 
54 26 -33 -17 -29 -16 61 
-58 32 61 -25 4 -32 -9 


-46 -45 13 -39 41 36 17 
51 33 17 27 39 -15 3 
40 8 -31 35 12 -58 50 

-27 -22 6 -24 -29 -46 29 
15 -7 35 -26 29 54 9 
22 -33 -16 -2 39 18 -31 


25 38 63 -49 -30 -11 -21 
52 44 -43 -30 -61 4 -38 
35 -17 -21 8 38 62 -9 

43 15 -32 -26 -41 -53 -13 
36 42 3 17 -56 1 -22 
-55 17 -45 -17 3 -59 30 


62 -16 -10 -20 62 -48 -44 
-50 0 24 19 -31 -60 21 
42 -23 23 -37 20 -53 33 

-45 -36 58 22 -10 -51 -10 
60 29 14 31 45 -58 -47 
-2 -35 -35 -11 21 18 -26 


-61 -29 44 34 -3 -2 63 
-18 -30 -50 16 -18 38 50 
6 -23 -37 -13 37 51 -47 

-58 -34 -28 -46 11 13 -57 
-27 -44 -58 29 33 21 14 
13 -10 -22 19 45 4 54 


9 29 6 -14 5 -34 8 
48 22 12 0 -13 43 42 
-33 35 17 5 48 -7 56 

-52 -45 21 -20 -45 48 -2 
-20 -39 -14 -42 -29 -49 -31 
23 -31 -11 16 -22 18 -27 


22 38 62 -50 43 4 -31 
44 18 -5 26 36 61 -44 
-35 26 28 29 19 -9 -31 

-33 -20 -37 25 -31 -39 -18 
-11 -11 -45 18 22 -51 -60 
-47 10 -6 -17 -63 16 -56 


18 20 -33 14 49 51 -59 
-57 33 -43 -30 60 -27 31 
-64 23 21 -26 11 -2 32 

-41 -23 49 -17 -34 25 11 
-14 -25 6 39 -59 57 -13 
-37 2 43 24 -45 34 -58 


57 -18 28 36 37 -54 48 
34 2 -34 35 22 53 -36 
-48 30 -60 -35 27 56 -39 

-42 -29 -31 -14 60 -18 21 
46 27 -60 -21 56 -39 10 
-60 21 -49 38 -3 16 3 


13 43 49 -14 45 57 12 
-13 -19 33 -20 52 -45 -13 
28 -45 4 -30 -21 51 31 

17 40 38 -28 -53 43 -12 
-34 -27 45 17 25 -18 31 
13 -37 35 -4 -50 49 -3 


12 27 4 19 -38 -53 27 
58 35 30 14 -8 46 -24 
45 -14 22 -24 -7 2 -2 

20 20 -48 25 -8 -61 62 
52 23 -3 -45 41 -61 -21 
-60 29 -21 48 54 42 16 


-53 3 -55 -48 -49 -36 10 
-7 -31 6 -20 6 54 -39 
-44 23 -59 31 3 1 48 

-60 -23 52 3 -47 -14 22 
56 28 -55 31 -14 -51 5 
10 -31 -31 18 -41 16 -38 


31 24 44 12 59 -13 -1 
63 18 -36 -3 58 15 -25 
-31 2 -19 -18 -37 63 -1 

61 -28 10 28 60 -10 -24 
32 20 -26 2 46 23 41 
52 3 19 -35 -44 -26 -46 


-54 -30 -4 -46 -2 0 -10 
36 38 31 -6 -53 22 -42 
-18 10 -47 -45 -16 48 13 

44 20 -38 -50 -5 5 26 
-4 -34 43 -24 51 -59 -10 
-45 24 35 -4 -10 20 21 


-44 -33 38 -14 -16 21 59 
-25 -20 -19 -13 49 -40 17 
-53 45 -51 -31 26 4 33 

-35 -31 -21 39 -47 -41 -48 
47 -3 -9 -42 41 36 9 
-5 -13 20 13 -61 44 14 


-45 -35 -23 -3 2 -33 -26 
63 28 33 35 1 20 -36 
-59 12 28 -7 48 -29 40 

-51 -16 19 10 -10 54 60 
-58 16 -10 -22 -8 12 -30 
-28 24 29 9 49 56 41 


-33 -27 -47 24 -11 31 42 
-44 0 -43 -27 33 43 -51 
-4 -22 41 48 -30 -63 13 

11 41 4 35 -20 1 -46 
-30 -37 -23 -10 27 -2 28 
2 -9 21 18 -49 8 13 


-62 -19 -47 -37 -53 33 -52 
-8 -5 -28 22 -34 -57 -10 
-32 6 -7 -42 5 -50 -31 

-62 -29 58 -13 57 54 -46 
-20 -14 -29 22 -12 59 0 
-56 25 21 10 32 -21 -16 


-37 -14 -24 35 -10 21 26 
-4 -32 54 2 -14 31 44 
11 -19 17 28 18 41 -43 

-57 -25 46 12 -36 -20 -58 
32 33 -32 40 -19 -30 44 
-32 10 -31 -31 61 -7 3 


13 32 33 -5 -58 32 -19 
-40 4 19 25 -50 26 27 
-53 25 -64 10 -49 45 20 

63 39 -16 -47 3 8 -63 
-40 -40 -33 -22 63 -48 -23 
21 -12 1 8 -24 21 32 


-53 -37 -33 -15 -31 -14 -37 
20 4 36 -44 44 -35 6 
-48 23 -12 -2 -5 45 63 

-50 -4 12 22 60 34 -38 
-16 -45 20 -22 -13 -37 -45 
-63 35 -6 -5 19 18 28 


-53 -38 -38 7 8 0 -36 
-24 -25 -58 -16 60 21 29 
-32 23 31 30 -33 10 -22 

46 15 -60 -33 -58 49 -13 
63 21 33 2 -31 -57 -37 
-1 -27 56 47 -38 48 -49 


16 22 9 11 -52 59 -59 
24 31 29 -24 -11 -26 51 
32 -19 -29 15 -8 38 50 

4 32 61 4 -5 58 20 
23 -18 22 -39 16 14 36 
-41 28 59 -10 -54 -39 10 


23 20 51 40 -23 36 -61 
-22 2 8 38 36 60 47 
23 -7 -56 -15 -25 30 -26 

-33 4 -1 41 27 54 12 
59 29 49 3 -55 -62 61 
32 4 -64 -37 22 -53 18 


13 29 -44 49 60 56 -28 
55 18 -20 15 -49 -29 -64 
11 -28 -48 2 54 -4 -46 

-39 -22 -64 38 7 -41 -24 
18 -11 34 -33 -46 54 -47 
-59 31 -46 23 -44 53 55 


3 8 -48 37 -54 49 18 
38 6 -30 31 -51 -42 1 
4 -33 -9 -16 51 -5 11 

17 34 -53 11 -25 34 -39 
-22 -27 -63 -29 9 -54 26 
33 -24 20 -48 -27 -50 -45 


26 23 -1 6 10 9 55 
-22 -31 -7 -9 -2 24 39 
9 -16 48 7 -30 -37 37 

12 25 -45 -2 26 -54 -18 
61 18 -20 -33 63 -49 11 
-57 15 38 -37 36 -34 25 


52 -17 -36 -27 42 -34 57 
51 35 -1 26 3 46 -44 
-4 -18 -51 -41 -62 17 -4 

56 5 -36 -41 13 -24 -10 
-17 -19 1 50 21 11 39 
-49 11 49 29 -3 21 61 


-64 -34 -12 -43 -9 2 39 
63 34 27 23 16 40 -3 
19 -15 63 -8 -39 -50 -53 

-9 -16 -40 34 -30 -40 49 
-16 -3 -60 -17 -32 31 -57 
-57 25 25 -10 -59 -8 7 


-33 -25 -51 50 19 45 -26 
-24 -40 -49 9 39 -24 0 
18 -21 -45 -32 -46 -55 -10 

-7 -12 32 -37 26 -11 -36 
53 18 -5 -30 34 19 -10 
-24 -8 57 45 -18 -55 -44 


56 13 -46 -49 54 35 43 
3 -28 -21 20 -16 5 58 
19 -39 32 -8 40 57 25 

-43 -40 11 -6 -27 53 44 
20 -22 26 -34 -60 -26 42 
49 -42 -43 45 46 1 -29 


11 41 -24 38 33 18 3 
-14 -19 -57 -26 -58 -36 33 
15 -9 -45 -43 -45 43 -54 

-60 -32 9 16 -54 50 -10 
56 6 -22 -22 51 -15 16 
-40 21 12 15 -52 -42 -7 


20 22 -33 -8 9 -57 54 
8 6 40 -45 -38 -31 2 
-42 -3 48 38 27 -38 -32 

8 44 43 -31 23 -1 10 
28 17 8 -28 -41 -16 -9 
60 23 42 -46 -44 27 57 


-32 7 51 -25 55 -35 33 
-15 -15 56 -44 60 7 -60 
-36 27 -17 -38 -64 -16 21 

2 35 22 -7 5 47 -15 
41 27 -64 -31 -5 -31 -48 
20 -29 10 -18 3 -16 62 


-61 -7 29 46 9 43 -36 
54 23 29 41 63 59 -26 
24 -19 -30 43 8 -57 17 

-59 -35 41 -5 -38 26 -47 
-48 1 21 33 -53 57 -47 
-53 0 -54 48 1 15 21 


7 38 -4 34 -22 -37 27 
24 31 37 -22 -54 -48 -52 
-57 15 -40 30 -31 15 -36 

49 -20 -35 -41 13 -3 7 
-43 -10 44 41 -36 -61 -29 
-42 20 44 35 -57 -8 31 


15 10 53 43 29 -2 -22 
39 36 -52 -7 5 -63 14 
-60 36 -46 -2 -58 -64 46 

18 33 53 -43 38 44 57 
-50 -7 38 32 -19 24 -26 
-51 10 -4 -27 14 -15 -63 


61 3 -48 -45 17 31 44 
-42 -23 -5 -45 44 11 -26 
48 -6 -38 24 -17 -33 -4 

-52 -35 57 -8 -34 -55 37 
12 -22 37 -25 -39 10 -33 
-31 27 -44 -27 30 31 27 


-60 -44 37 22 -17 27 -64 
50 33 -16 -9 -40 62 56 
-35 36 13 27 -19 -27 -52 

-50 -25 15 -7 32 62 41 
-26 -41 -15 -50 12 -29 5 
32 -7 62 -42 -22 -61 54 


