7 3

-59 -3 10 -37 46 25 27 
-31 5 -52 -29 -29 14 -4 
-51 -3 -14 -46 59 60 -19 

55 -38 63 22 8 -57 -10 
53 -25 40 -43 -36 10 -24 
41 21 -56 33 48 -56 -9 


-61 -39 6 -47 2 44 58 
-1 -25 62 5 51 -50 -8 
-13 6 -16 -9 31 54 8 

4 -15 6 46 50 -60 -35 
-44 35 51 11 -48 -21 -26 
-31 34 2 37 -44 -55 19 


42 -9 12 49 44 25 61 
19 34 56 -24 -51 31 -61 
35 35 -20 13 -38 56 -1 

-4 -20 12 21 -44 19 4 
-19 -10 -1 2 -29 8 -59 
-58 17 -4 3 62 -56 -40 


17 29 22 -43 29 63 -24 
9 31 -23 -2 -30 -53 33 
-39 -18 15 43 -53 -27 -64 

-19 20 20 23 17 -42 8 
-41 -8 62 -41 46 -44 -1 
41 -28 -23 -42 57 61 45 


-52 -9 -57 50 -37 51 19 
-26 18 41 -42 -28 12 -63 
-47 -1 23 -34 54 30 -48 

-17 -43 29 -38 -13 60 10 
33 34 56 -3 61 50 -44 
-47 18 35 1 39 0 27 


45 -33 -56 17 -1 15 31 
4 34 15 43 33 -39 -2 
28 -31 58 9 0 -62 -38 

-29 -25 1 26 -36 -18 -11 
-10 -37 -50 9 41 31 53 
63 17 58 -30 56 -5 61 


-45 16 -63 37 34 32 47 
39 -19 5 3 1 -3 -38 
22 28 28 42 -20 29 15 

-55 -15 -57 -42 52 5 29 
57 -21 12 -25 -19 -42 5 
-50 -3 -1 -41 46 6 -19 


41 17 -13 -22 52 54 -17 
53 24 -2 13 21 -61 60 
56 14 57 33 -32 -20 -53 

-1 24 -42 -29 61 -53 -24 
35 3 -64 -38 44 21 -52 
-44 -29 -6 20 59 16 55 


19 5 17 32 49 -63 -52 
38 36 43 -22 -45 -49 -61 
32 -36 22 -13 33 -25 -44 

35 -44 -22 -46 25 -58 19 
-16 -8 20 5 39 -25 -28 
19 -24 -32 -10 -3 10 8 


19 24 10 -27 -30 16 -43 
-31 14 -6 -27 -28 24 -13 
29 -18 4 -15 -58 -49 22 

60 -9 -16 -50 6 40 17 
10 24 17 31 35 -41 36 
-23 31 43 -27 -42 -37 -13 


-53 -20 -28 -15 -59 14 54 
-58 -19 38 47 6 29 22 
-15 -30 -19 -4 14 18 45 

-40 43 -4 29 -55 22 -54 
-42 7 2 -41 -57 24 -30 
19 -32 35 43 -53 -33 9 


-29 2 -64 18 18 -35 -56 
-19 41 18 22 -57 23 7 
45 35 -44 -48 -26 -44 35 

-31 -11 -58 -27 -28 14 -41 
38 -4 22 -2 51 47 6 
56 -15 43 -39 39 49 -2 


-7 23 -34 -46 28 24 6 
-61 -18 -63 49 -43 0 57 
55 22 8 -16 -18 38 2 

-50 18 63 -24 -54 12 -22 
-35 -6 -28 45 14 33 47 
-54 -2 -56 -40 -48 -56 1 


-55 18 19 -12 -52 -51 -26 
-21 -23 -44 -4 47 -13 -3 
-6 -34 -5 3 48 -50 55 

33 20 -64 5 14 1 61 
8 35 -61 -1 15 -28 -64 
60 -37 -35 29 47 -34 -30 


-7 -31 6 -20 6 54 -39 
-59 7 -37 41 61 17 41 
-60 10 -27 -3 44 43 42 

-58 -32 9 4 -18 -8 50 
56 28 -55 31 -14 -51 5 
-14 33 -61 -8 -63 12 60 


22 24 -33 -32 -17 5 -25 
-27 -21 10 -8 -49 60 5 
-51 8 37 35 -32 -60 -61 

4 -35 -64 44 -44 -39 55 
2 9 22 3 31 18 -17 
15 9 -22 -45 38 -22 -64 


25 25 26 41 -62 -23 54 
8 -36 19 3 -43 11 62 
-42 25 -3 47 -14 -41 24 

34 -1 -36 17 -50 -33 -38 
14 -37 -38 -44 -25 -56 29 
-11 0 14 -41 63 43 40 


-26 9 -26 -15 -34 33 -47 
-47 -33 -38 -1 33 48 2 
-50 -22 19 -12 51 58 37 

16 -13 59 24 31 -43 35 
-22 16 16 -7 -16 8 20 
-47 27 54 33 -50 50 -6 


8 33 -43 -14 51 -6 53 
-10 -2 60 -26 11 56 53 
-63 -22 63 9 -53 -44 60 

-36 -27 27 48 -26 -5 62 
-43 10 -47 -13 -33 42 53 
63 14 49 -37 51 13 -53 


8 -28 35 -19 40 -50 30 
-23 0 53 -20 12 -58 -59 
-35 44 28 37 -48 -1 -46 

26 -11 40 48 47 -15 19 
-41 -16 9 -34 1 -8 2 
57 13 48 19 -61 24 3 


-53 -30 38 -18 51 8 53 
45 23 -36 -3 -28 -42 44 
-51 21 -54 -40 55 48 6 

-27 35 -62 -5 6 -58 1 
-26 17 62 46 33 14 -6 
43 -8 -5 -48 -36 -2 11 


26 13 -40 29 62 17 55 
35 -24 -33 24 -10 44 -13 
53 -40 55 15 37 -48 -20 

4 -7 -33 -42 33 -5 -49 
-32 -30 23 -6 55 -29 30 
36 33 -29 -24 -38 2 -2 


30 26 4 -28 44 22 -38 
61 -19 3 32 -24 -50 35 
-53 -30 15 41 60 -45 -51 

-20 7 46 33 -24 -38 -21 
11 -35 6 -13 -25 -47 48 
41 41 -25 -43 -16 -43 54 


-53 -7 -31 -1 -47 45 -7 
-52 -3 47 39 -19 -56 2 
-29 11 7 -17 -60 40 46 

-28 -13 -20 -4 27 -53 36 
-11 19 59 -41 44 59 38 
-42 21 -25 -6 -55 19 54 


-13 33 -58 -27 -25 35 15 
-45 -36 -9 -10 61 -27 49 
-39 1 -23 12 -30 -17 49 

35 16 39 20 53 -27 60 
-53 14 33 19 29 9 -62 
9 -45 0 -20 35 -24 -63 


-5 29 -47 49 38 -52 30 
42 26 42 -40 60 28 30 
26 23 0 -43 -12 17 -57 

-57 -30 60 -5 26 -11 -28 
30 -10 -4 34 2 -36 -15 
-37 30 37 -30 -64 33 29 


6 -14 -15 29 46 16 -22 
35 -42 -26 41 26 38 -28 
-46 8 39 24 59 -40 -10 

-18 -12 44 6 -30 -2 -38 
52 -9 -5 28 -22 19 -11 
41 40 32 -41 -35 12 29 


-48 16 -45 46 -4 37 55 
-43 2 24 6 25 -64 63 
-48 13 -17 -32 -35 2 -50 

46 -24 31 25 -12 43 -53 
32 -9 53 -31 1 17 58 
25 -24 -59 8 16 36 -31 


-6 22 -34 0 39 15 12 
32 13 53 -7 44 22 -34 
51 -32 45 -19 54 -53 45 

56 -16 52 36 -37 -1 -43 
27 -21 -62 47 14 -4 -4 
29 26 -7 21 -54 -19 -7 


40 -30 13 -4 15 -21 26 
-5 -1 12 18 -40 -48 -18 
0 -10 -16 -23 25 61 37 

-26 -22 43 34 60 -23 60 
-26 19 -61 -13 -63 -31 -22 
-24 -23 0 14 19 -21 -16 


58 5 -33 -14 -50 -38 54 
-52 5 43 -10 61 -8 15 
-42 -43 -37 -48 26 -6 2 

14 -35 25 15 -28 -48 43 
18 -37 54 18 -57 21 -22 
40 21 -8 -9 50 -46 -58 


8 38 -45 -18 -33 25 23 
7 -32 -57 23 51 -59 25 
22 38 38 -34 12 58 12 

42 -18 -45 -8 35 -37 -33 
36 -32 21 42 -16 -11 -48 
44 19 -29 22 -63 -9 -50 


51 22 56 19 -9 37 -62 
-22 -15 -18 13 -42 -10 -14 
-12 -9 31 -25 -51 23 59 

20 -3 12 27 11 -53 20 
-32 20 -54 47 -40 48 -59 
5 -3 61 -39 58 9 52 


49 -25 37 16 -57 -9 -28 
-1 -18 33 -11 44 20 -32 
15 24 -42 0 -64 59 -47 

25 17 28 -41 -48 31 5 
-50 15 22 47 5 63 -54 
-57 -14 -11 33 -61 -47 56 


25 15 38 23 61 -8 -11 
-18 -37 27 28 43 46 -2 
-7 -16 8 -46 63 -18 41 

9 39 59 -22 29 50 -7 
-34 -21 27 27 19 -56 8 
60 38 -34 5 13 -39 48 


-42 13 -60 -19 -32 -24 -39 
14 26 61 -48 -46 31 2 
1 -29 44 23 48 49 -60 

10 -35 -44 -15 15 -49 54 
16 -6 -1 21 -56 -57 7 
-47 -39 -34 27 -10 -14 -52 


8 16 -56 -29 10 -29 -62 
-50 -32 25 -1 -51 -15 41 
47 -10 -11 -9 -58 -2 26 

49 -45 43 21 59 58 -40 
18 -23 -1 -49 40 30 -40 
16 33 29 1 53 8 -42 


-1 18 40 7 -52 -57 -33 
-28 -22 -64 -40 -61 -2 -6 
-60 24 -10 3 -22 -34 -54 

35 10 -46 -16 48 31 22 
-26 -26 24 -28 1 50 -21 
-10 -27 -23 -38 48 -5 10 


42 8 50 21 60 -28 -9 
10 -17 53 -9 14 47 28 
-56 -34 22 50 39 8 7 

10 -22 18 42 -57 -60 52 
-55 7 -62 -48 -46 -25 30 
35 45 62 -19 -41 16 -41 


25 -37 -50 50 -11 32 -24 
50 -28 -41 23 -12 -33 -54 
4 -4 62 -35 23 -52 -48 

15 -9 21 -1 23 -63 48 
9 20 -22 -39 -2 -11 -6 
-52 44 -8 28 -29 -51 -37 


8 -40 11 -5 -46 51 -43 
33 -22 54 -12 -58 -10 51 
-33 37 41 39 61 -12 -29 

-51 25 9 -35 -32 -36 63 
-30 -18 26 48 40 31 18 
-49 -25 -8 -36 -63 -62 -7 


61 -22 -2 46 -24 -5 -7 
9 -10 -61 -43 59 -64 -59 
41 -9 37 39 33 -29 21 

-27 -17 -44 -40 4 -7 10 
47 -24 12 -31 11 42 21 
-55 31 -50 -18 -50 -30 6 


-26 34 -46 -50 59 -47 51 
-40 -11 -43 3 -44 -33 8 
-60 -24 -18 -21 -54 1 -7 

-35 -6 -36 31 -27 -59 -5 
-56 -17 -24 13 -49 4 35 
-58 18 -20 -29 -52 9 -62 


-63 -17 -6 13 24 20 -1 
-35 3 -39 -3 -9 -3 32 
36 34 -25 38 -47 33 -13 

-16 33 -49 -11 35 -5 -14 
7 41 -52 -26 0 -49 -20 
41 -11 51 -39 -42 -62 14 


56 -25 4 -25 -52 -53 8 
-24 28 -40 -11 13 -27 -48 
18 25 44 10 -64 -16 50 

-19 -24 -34 -47 -61 -31 15 
-13 -45 -7 -33 37 23 17 
-52 -5 -6 -7 35 24 10 


-53 -20 -18 13 26 -25 11 
-9 16 29 -35 -30 53 -23 
-59 46 -54 -48 -38 -8 30 

2 4 48 18 -55 45 -14 
-29 33 42 -20 -63 -25 7 
53 31 -23 -9 -29 -39 -55 


-57 -24 35 -44 48 44 3 
-20 19 40 21 -55 14 45 
10 -22 6 17 18 -22 37 

13 -23 -53 -4 -57 2 41 
-21 18 35 -10 -40 24 -45 
3 -42 -23 -48 0 -12 12 


26 29 1 37 58 22 -37 
41 -4 -60 -23 20 -53 -9 
13 -38 11 -25 55 -52 -52 

13 -35 27 13 -21 51 47 
25 17 -2 -21 13 21 29 
49 35 -25 -2 -64 -61 -53 


-24 15 -51 36 50 -29 -31 
-12 -29 -22 15 -8 31 -19 
52 21 52 -36 -27 -63 -64 

-3 -9 -23 -14 55 22 -25 
12 17 22 -42 -48 -28 62 
-41 -28 -30 20 28 11 -57 


27 -18 -56 -20 34 -55 9 
-57 25 16 13 -10 -27 46 
63 26 -6 26 -55 2 -57 

-14 3 -15 1 48 5 53 
43 -35 -34 29 -14 -26 7 
43 11 16 -34 -50 -63 31 


