7 2

-55 -22 -49 20 -5 -59 -1 
-24 -40 -16 -29 -8 -29 57 

-54 -33 -14 -22 -7 40 -33 
-12 -3 -16 28 -3 48 -35 


-31 -20 49 -7 10 -48 33 
41 13 19 -27 5 53 56 

-61 -18 61 -11 -25 -39 19 
25 39 -36 45 -20 -57 59 


19 4 -60 48 -11 -6 -60 
-14 -20 -63 -12 21 -7 -5 

7 22 -63 -36 -39 16 -43 
30 -2 -32 35 0 0 9 


-28 -44 28 -48 -47 -50 -32 
3 -37 -29 23 56 -2 -4 

6 -13 9 -34 25 22 20 
-9 6 -3 41 21 2 50 


56 -35 -39 -19 10 27 -6 
-18 -31 -62 16 31 -19 9 

24 42 -15 23 54 -44 -61 
31 32 61 -31 -35 -10 44 


24 41 22 44 14 -16 13 
49 21 -34 5 39 44 58 

36 -14 38 48 34 -35 -38 
-5 -27 -9 6 50 -62 -6 


-16 1 23 -22 -30 -45 33 
-41 -25 50 27 -60 43 34 

15 25 32 -32 -46 30 34 
38 20 -54 12 -53 -50 -22 


-9 46 56 -42 23 -21 -2 
11 -1 -43 22 -41 47 63 

17 18 -64 24 -6 47 42 
-34 -7 -46 -41 -60 45 -40 


-48 -45 18 -41 22 -42 -3 
-13 -25 41 -17 10 -42 63 

59 -13 -50 -21 13 28 21 
47 37 53 -17 -3 43 32 


-37 -13 -11 14 26 -33 61 
37 2 -2 -25 32 -21 18 

6 44 44 -43 39 7 -47 
-40 -31 40 27 9 -18 -53 


4 15 8 -2 47 57 -40 
-29 -25 24 27 -52 37 44 

11 26 -7 -48 -23 -63 14 
-26 -46 11 -30 7 -26 -14 


6 13 17 2 -55 -60 -45 
9 -33 39 -43 -51 33 -25 

7 13 56 32 -52 8 -47 
53 19 11 25 53 -59 8 


-14 -15 15 -48 -36 -25 -17 
24 -8 21 -42 25 63 -35 

9 13 34 -34 55 36 -1 
-27 -22 -12 0 23 -38 18 


-47 -30 -58 18 -52 39 59 
-9 -24 24 10 -62 53 -63 

19 30 63 -33 -34 -10 22 
-25 -24 52 30 16 12 -23 


6 -3 21 -45 -7 -21 60 
14 -29 -23 48 5 61 8 

54 -39 -41 -49 -55 -23 -14 
51 30 -23 9 -30 -18 26 


34 -1 55 33 -11 43 37 
-41 9 22 38 -42 -29 27 

29 11 31 32 -30 -24 7 
31 22 -25 27 -27 21 11 


-1 39 -3 16 51 58 -49 
-31 -38 26 5 8 39 -11 

-5 3 16 -16 -31 49 -36 
-25 -13 -28 -4 -41 60 30 


11 26 31 -47 -17 56 -22 
-9 -21 3 42 47 -50 -39 

41 9 41 41 -33 -53 21 
52 27 -51 -21 -58 16 -42 


-34 -40 -62 17 -7 0 12 
5 -21 -54 47 -27 -38 41 

15 36 -43 5 -47 -4 -15 
-62 22 -18 -49 59 54 -47 


7 11 27 -22 -58 -19 28 
-2 -21 4 -33 55 15 41 

-47 -31 53 23 -32 -30 37 
-13 -11 2 14 -38 -46 -36 


1 33 2 6 -4 59 -44 
-12 -3 -16 49 -14 25 -10 

-47 -20 -38 -24 30 -42 -49 
-52 32 -32 -45 -62 37 -17 


-7 35 -35 34 -57 55 -22 
-46 -4 26 44 8 -59 -60 

15 42 22 20 36 -46 -44 
53 30 -55 -35 -12 25 27 


4 29 -1 18 -20 45 -23 
-56 26 9 43 26 0 -30 

-18 3 52 -47 -23 23 -2 
36 33 -50 3 36 -51 -36 


-52 -40 -44 13 -28 7 33 
-30 -38 4 -5 -23 -57 -41 

52 -28 34 41 -11 -18 -21 
10 -5 29 -45 -51 60 35 


55 -16 -63 34 -51 -26 -4 
46 39 -63 -3 -20 0 -19 

12 -5 7 -20 61 -60 -33 
-33 -22 -20 -32 -63 -15 9 


-23 -23 39 -50 0 -56 -49 
24 -10 -54 48 -64 49 -32 

3 46 6 44 -40 -19 58 
41 31 24 -6 -23 -14 -35 


-34 -15 -29 22 59 -27 -17 
42 19 -38 -14 -40 30 50 

5 29 36 -25 -20 48 5 
39 31 62 -37 53 8 -56 


-2 29 45 -6 -59 -7 42 
-7 -1 45 -44 15 -27 -55 

9 13 28 1 -12 52 -42 
-23 -16 18 25 -56 62 9 


-44 -38 61 11 9 -1 -13 
-49 -12 37 20 -46 11 -61 

5 30 37 -17 -31 36 -39 
52 11 22 -24 58 51 7 


16 37 -27 12 4 -60 -53 
-8 -22 -7 13 -9 0 -17 

-44 -28 -12 27 -20 36 38 
-36 -34 -25 -9 -33 54 -36 


18 38 18 26 39 11 -24 
-50 26 35 36 -31 7 32 

-44 -14 -16 48 -42 -37 -4 
19 -1 -51 33 -39 48 6 


21 16 47 23 -3 -3 -56 
-29 -25 1 26 -36 -18 -11 

-1 10 -41 29 -29 -42 45 
-10 -37 -50 9 41 31 53 


12 41 -6 13 -32 19 38 
22 32 -35 29 2 47 34 

-48 -35 26 28 -58 -44 -23 
37 11 1 -27 -43 12 43 


-46 -25 -6 32 13 -28 23 
-26 -13 -6 31 14 -44 -9 

59 -17 -41 -26 51 23 -33 
41 17 14 11 -41 22 20 


-26 -8 -37 30 8 62 -57 
27 34 33 -44 19 7 -61 

-57 -45 -19 -50 -48 40 -26 
57 28 22 20 -1 -8 40 


-46 -8 58 -15 -33 5 -46 
-64 29 -11 -19 -30 7 41 

0 28 -7 28 58 43 33 
-2 -4 -19 24 -15 15 -56 


1 32 32 -8 -47 5 38 
-64 20 -64 -16 30 47 -31 

11 33 52 -13 47 61 21 
48 39 -31 -6 34 -8 -7 


-12 37 25 -34 25 -64 -52 
6 -17 -13 45 -17 4 58 

-48 -3 -16 30 28 -44 -14 
-62 6 -22 -42 13 28 -9 


-18 4 48 -45 -21 -8 -46 
-6 -24 -46 37 -50 -9 -44 

12 29 -55 3 -33 22 56 
-15 -19 -58 23 -59 -47 -10 


-41 -30 56 0 46 -62 -64 
35 11 -38 30 -49 31 61 

8 29 45 0 23 -36 -61 
-60 -10 44 32 -47 -6 -45 


-28 3 52 -45 6 13 29 
46 34 50 -9 1 34 56 

8 30 48 1 10 60 -39 
-30 -45 26 46 11 -20 -36 


1 15 43 -2 -59 17 8 
-51 0 26 23 11 -15 2 

-30 -21 40 -36 -55 5 -11 
-18 -34 45 -14 -19 11 -3 


-60 -36 34 45 43 49 26 
-31 -36 -5 -9 63 55 -9 

43 1 32 21 -44 50 4 
3 -31 42 -9 27 -30 -19 


-46 -29 -58 36 47 13 49 
21 24 26 -39 -34 -14 6 

-43 -37 -34 33 40 -56 42 
41 24 40 -2 17 16 -29 


14 36 -9 7 15 -13 -14 
48 26 56 -38 -10 58 -19 

-43 -41 62 10 19 -60 -37 
46 22 13 12 5 -14 1 


-23 35 -27 45 18 -19 19 
59 15 -3 -47 -61 55 26 

-27 -1 -28 34 46 -33 -8 
41 8 17 -27 -49 48 -42 


25 17 1 30 -18 34 24 
40 31 -7 44 21 41 -6 

63 -33 55 36 -61 -3 -38 
-15 -28 18 -2 -12 60 38 


63 -23 -40 -25 27 -64 15 
8 -8 56 -47 -11 7 26 

-9 43 32 -29 44 59 -58 
10 -20 28 -26 28 -25 -60 


-39 -29 -33 -5 -4 -19 34 
56 15 2 -7 -26 50 -6 

-53 6 13 48 -5 -7 29 
20 39 28 -37 -16 -58 18 


63 -14 39 50 47 43 33 
34 37 -4 14 -18 30 -5 

15 10 54 14 60 29 0 
-17 -18 -58 -11 -13 -23 -39 


-55 -26 -54 -22 -13 -5 42 
38 30 48 15 44 -34 30 

-5 22 50 -26 28 -14 -63 
23 -4 11 -41 -12 -20 -16 


-62 -8 -1 13 -19 43 41 
-43 -34 -40 -39 23 15 -18 

-47 -19 -35 3 -10 -61 -56 
-2 -28 -58 27 60 39 59 


17 28 15 -22 3 -48 20 
-17 -30 -4 -19 -8 -19 -18 

-39 -23 -35 -15 45 42 43 
41 35 37 -42 20 -26 -16 


4 24 -23 33 -22 42 25 
44 23 -38 -4 11 15 -12 

12 45 -20 23 -8 15 -45 
55 -3 61 34 -3 24 -36 


-40 -18 -35 39 55 -14 -19 
-12 -34 -31 -14 6 23 13 

33 35 -28 -8 10 43 59 
55 21 16 34 2 -45 63 


34 16 -31 -6 -20 3 35 
2 -15 60 -50 29 -37 -3 

-13 29 59 -45 -33 39 18 
-32 -20 30 35 29 27 49 


6 33 -11 50 -25 47 58 
-28 -37 -36 -10 -40 -20 55 

-64 -27 -57 -18 42 -15 -48 
4 -18 37 -11 -29 15 6 


-35 -37 -29 37 -39 14 -32 
31 36 -35 8 8 -2 -34 

3 41 -58 -28 -22 52 1 
-10 -35 62 30 13 58 47 


-39 -21 30 11 -3 -61 -59 
-61 18 27 3 -9 -51 -2 

-47 -16 -59 -47 -13 -42 -5 
55 26 -8 -12 37 -19 -6 


-55 -26 20 29 -31 42 25 
5 -27 19 -37 16 59 -58 

63 -31 -15 -6 -29 -12 -10 
43 45 46 -25 -21 -16 40 


8 38 40 -23 -50 21 -62 
-19 -12 -13 31 -54 18 15 

-1 39 -31 34 -31 -56 -1 
-31 -31 3 11 15 58 34 


-54 -18 -38 -15 44 -37 10 
-16 -22 -7 41 15 -64 11 

3 42 -15 13 -40 12 62 
-38 -35 -15 -28 -24 -60 -56 


-41 -14 -51 -39 8 -50 11 
-50 -19 45 26 -63 20 18 

19 22 22 3 37 50 -43 
-17 -35 -32 -13 -21 4 14 


-43 -38 9 -41 -42 54 7 
33 24 25 -31 58 -32 44 

-47 -27 -12 35 15 35 -22 
-26 -32 52 6 -61 30 -11 


-36 -8 -10 44 -43 -13 -60 
15 18 45 -37 32 -4 -2 

20 23 22 10 -26 -41 48 
39 33 -31 27 -46 42 -35 


-55 -35 11 -33 -11 40 -55 
14 -10 -55 41 49 -44 -22 

-52 -4 -55 -50 -22 -37 -23 
-61 25 -25 -27 -28 -64 29 


-41 -20 -2 -12 46 -52 17 
-21 -23 53 -28 22 38 -15 

13 29 -4 -11 44 -58 -63 
54 26 -33 -17 -29 -16 61 


-4 17 -41 20 57 -63 3 
-5 -3 -23 32 54 20 -11 

-49 -19 -25 -4 -57 -20 39 
52 22 -8 -33 -36 -4 -39 


17 43 -7 48 -37 55 -9 
-64 1 -11 -29 -12 20 34 

3 21 53 -37 -10 17 -64 
-33 -33 -20 -33 32 34 3 


-61 -29 44 34 -3 -2 63 
-18 -30 -50 16 -18 38 50 

-58 -34 -28 -46 11 13 -57 
-27 -44 -58 29 33 21 14 


-44 3 -12 46 -2 49 -40 
-30 -40 54 42 -33 -38 -46 

-7 36 -37 30 -54 10 51 
57 31 38 27 49 -6 -12 


-30 -25 32 -29 39 7 52 
14 11 -16 41 25 -45 35 

-59 -24 -21 -11 31 6 -56 
-42 -9 19 36 -62 -61 13 


-53 -10 -64 -39 57 54 7 
54 36 17 18 -48 48 12 

-38 -5 -21 15 -35 -51 -18 
62 17 -29 -20 -42 20 -62 


-16 19 -36 32 55 34 -44 
26 2 10 -41 -10 -47 -24 

-59 -5 -49 -49 -45 50 10 
-7 -24 56 -44 43 2 -21 


9 37 -6 20 7 20 -37 
48 33 -64 11 16 42 21 

4 14 -45 12 49 29 8 
39 21 50 6 -12 23 -24 


-52 -24 22 31 61 63 -25 
49 24 -28 -6 -11 -52 63 

9 29 39 4 17 -15 -32 
-58 -3 -33 -47 -38 15 45 


44 -2 -21 -38 59 -18 33 
10 -40 22 -40 6 -17 -37 

15 17 -58 22 -17 38 -34 
-11 -33 -35 -7 -32 -53 -63 


-62 -24 54 -10 57 35 62 
-53 5 -29 -38 -2 -50 47 

-43 -12 5 22 46 -58 -49 
-33 -33 -11 -20 2 -51 -46 


6 23 43 -18 -6 -48 44 
-18 -23 28 -10 -61 -21 -14 

-51 -25 -5 -43 11 -36 -32 
-14 -33 22 11 26 -24 49 


32 -4 60 40 -13 11 30 
6 -1 -22 43 35 33 36 

-18 1 -41 34 30 36 -15 
5 -29 -31 22 2 4 4 


31 16 -17 -40 13 -64 60 
-34 -18 -23 -5 19 -14 46 

-53 -29 -53 0 -3 13 47 
49 41 60 -49 51 40 -18 


21 3 51 42 57 -42 -12 
-8 -32 -58 31 13 -23 -7 

19 16 -42 -23 -44 -55 -45 
-7 -11 41 -17 29 -5 -5 


-26 -2 -23 39 5 14 -27 
29 39 26 -41 31 8 58 

-3 39 -4 37 7 14 -2 
-6 -31 26 -1 -17 -21 -48 


13 -1 52 42 -40 -63 60 
-64 19 -39 -49 -39 -53 -27 

-30 13 57 -43 46 -47 -38 
-5 -22 -53 -12 7 36 -57 


-53 -38 -38 7 8 0 -36 
-24 -25 -58 -16 60 21 29 

46 15 -60 -33 -58 49 -13 
63 21 33 2 -31 -57 -37 


-61 -26 -15 -27 -25 -16 25 
-29 -26 -60 -4 59 61 56 

-52 -35 -7 -49 3 42 -12 
52 34 13 -4 -14 -27 18 


23 20 51 40 -23 36 -61 
-22 2 8 38 36 60 47 

-33 4 -1 41 27 54 12 
59 29 49 3 -55 -62 61 


-9 16 29 -21 3 10 63 
-2 -24 -52 42 -57 -54 12 

-47 -26 -11 28 49 48 30 
-1 -21 28 -46 -28 -46 25 


27 30 -8 12 2 -57 -5 
41 26 -52 -29 -22 45 -17 

18 27 -53 -6 2 22 9 
55 18 56 2 47 57 58 


3 37 -12 42 -24 38 -50 
-11 -24 -12 11 -60 29 17 

43 3 25 32 17 -27 -40 
40 34 56 -13 5 10 -33 


-10 -8 9 -37 -58 21 32 
35 16 32 -10 -58 -40 -38 

47 15 -59 -42 40 33 -6 
49 23 -28 20 -25 -60 -54 


7 36 42 -43 -64 -28 -53 
-18 -43 -26 -50 -14 61 44 

-28 -37 37 -20 50 -28 60 
-3 -25 -54 2 -24 -47 8 


52 -17 -36 -27 42 -34 57 
51 35 -1 26 3 46 -44 

56 5 -36 -41 13 -24 -10 
-17 -19 1 50 21 11 39 


-35 -10 -10 19 53 -11 57 
-21 -28 -58 36 -45 58 -8 

25 36 21 2 -31 -54 -36 
-26 -37 -26 -27 -16 -62 6 


30 16 -35 -6 -7 60 -13 
-24 -40 -49 9 39 -24 0 

-20 34 20 -37 6 23 8 
53 18 -5 -30 34 19 -10 


-50 -28 22 -10 -4 38 63 
34 41 -21 17 -50 34 14 

13 39 54 -42 -42 -17 3 
-9 -23 -18 14 27 -24 9 


-14 33 44 -48 -37 -45 -23 
60 2 -24 -36 36 -56 -11 

-63 -36 46 4 -52 -30 34 
25 45 -17 37 -59 4 3 


-37 -34 28 -27 -12 -22 -61 
52 13 -31 -11 -30 56 -30 

33 -13 53 50 -38 -54 -33 
41 11 43 8 52 30 -7 


-8 -43 -20 45 -38 41 -13 
-16 -29 43 -21 42 -5 -15 

-51 -22 0 5 -1 44 -14 
54 32 25 8 -57 -26 58 


-6 40 -17 22 34 -25 -60 
22 -19 30 -40 6 -8 -35 

-53 -7 -57 -14 44 43 -34 
35 29 57 -13 -24 20 30 


