7 4

-50 -23 -26 40 -62 5 12 
-58 12 -48 50 -31 21 -5 
-61 -39 6 -47 2 44 58 
-1 -25 62 5 51 -50 -8 

-22 1 -3 -17 13 -29 32 
-9 -19 -8 27 -29 -37 -54 
4 -15 6 46 50 -60 -35 
-44 35 51 11 -48 -21 -26 


48 18 35 42 -4 -43 55 
-52 -9 -57 50 -37 51 19 
-26 18 41 -42 -28 12 -63 
-47 -1 23 -34 54 30 -48 

28 -37 58 22 -44 13 3 
-17 -43 29 -38 -13 60 10 
33 34 56 -3 61 50 -44 
-47 18 35 1 39 0 27 


4 -17 -28 25 -35 -24 17 
19 5 17 32 49 -63 -52 
38 36 43 -22 -45 -49 -61 
32 -36 22 -13 33 -25 -44 

-44 -17 19 31 57 53 -14 
35 -44 -22 -46 25 -58 19 
-16 -8 20 5 39 -25 -28 
19 -24 -32 -10 -3 10 8 


0 -32 15 -40 -21 45 0 
33 -8 -55 43 10 -32 -23 
61 -20 57 -3 12 8 21 
35 -23 -45 4 33 -36 -17 

-35 26 28 29 19 -9 -31 
-47 10 -6 -17 -63 16 -56 
55 -11 -43 -44 -49 50 49 
-20 -4 25 -3 -58 -45 44 


48 -39 -32 -5 57 23 39 
50 31 -25 -50 -41 -58 16 
6 -23 -28 -10 2 4 49 
38 11 -28 25 -22 12 39 

43 -14 8 -10 -39 -22 7 
23 -11 28 6 50 60 -29 
-5 -37 25 -25 13 -31 29 
1 18 -9 -40 -56 -44 30 


31 16 60 35 -55 -45 -31 
32 -38 42 41 30 18 -14 
-48 -22 11 47 58 7 18 
-53 18 -45 43 44 61 20 

-4 -18 -51 -41 -62 17 -4 
-49 11 49 29 -3 21 61 
-61 27 51 -1 -55 -63 23 
10 16 -58 26 -37 55 -9 


-35 1 60 -50 -3 58 -53 
50 -10 30 -19 -16 45 4 
-8 -20 40 21 45 36 35 
-32 10 50 -46 -64 16 0 

55 -38 -47 9 -24 11 -57 
63 34 27 23 16 40 -3 
-22 30 46 -31 56 63 42 
-16 -3 -60 -17 -32 31 -57 


3 -1 -52 33 1 48 42 
39 32 -16 40 35 21 15 
49 -35 42 -11 28 54 -42 
-4 25 27 -29 -7 -52 -53 

-32 -35 10 -39 -8 -50 -60 
1 9 40 10 -20 -16 -53 
-35 38 -63 -2 -60 11 23 
-35 33 26 30 -21 2 -24 


-17 -25 -17 -48 17 40 -22 
-36 -6 51 -25 -7 54 -6 
-6 -30 62 41 9 -18 57 
-14 12 55 14 -58 42 54 

-59 23 -16 30 4 57 58 
-20 11 -32 20 -30 5 -58 
-38 -42 -29 -33 46 19 61 
0 32 -16 44 -21 16 0 


12 4 20 13 -12 -58 -63 
0 4 14 -19 -8 52 -44 
29 30 33 -22 -30 -11 55 
-38 -4 -38 26 -64 41 -56 

0 28 -57 14 -62 -5 -10 
55 -22 -26 44 16 -35 36 
22 -5 57 -42 -40 -64 36 
-8 29 -36 -16 -57 2 -36 


40 28 12 -20 -18 -37 30 
-16 -40 62 4 62 -13 48 
-7 -11 -4 -31 -47 -56 14 
-10 -23 -9 38 1 -11 -22 

-23 -16 47 -2 34 -51 -49 
22 -15 -53 39 6 13 -1 
0 -29 -20 41 20 -37 -25 
-1 40 -37 -43 -39 -26 60 


-10 -15 -39 38 -51 10 -49 
11 21 40 17 58 -22 -3 
-38 27 51 16 -51 -52 -9 
15 31 -37 -37 -12 -60 44 

24 19 43 39 -27 -19 2 
58 7 -23 -38 42 15 7 
-38 23 6 50 -22 -14 25 
-18 -18 -23 -23 53 18 3 


57 4 -23 5 49 24 -57 
-46 -28 35 35 55 61 -62 
38 -31 -21 31 37 21 -28 
26 -42 44 44 -6 15 15 

-55 19 -23 -28 26 1 39 
-30 -3 -41 -31 -15 5 -27 
23 -19 -20 32 -64 21 -59 
-14 12 18 20 -55 41 53 


19 16 -25 26 -64 50 -58 
-59 -17 37 -34 17 -13 4 
52 4 3 7 -44 42 -31 
-18 40 -61 -13 -41 41 17 

-42 -10 49 26 -37 15 62 
-13 -2 -16 39 -3 22 -25 
-44 28 -25 -22 -46 -40 -59 
40 -36 -43 -37 26 6 -61 


-5 35 41 -16 -52 8 -18 
-11 17 -7 -1 -15 24 -5 
-17 24 -28 42 -5 -50 -38 
55 -25 -52 -20 56 5 43 

56 31 -43 -26 2 9 -26 
61 31 -24 44 18 56 -21 
8 22 9 0 -11 30 38 
-22 -35 -25 -25 60 15 -44 


18 28 -1 -1 -37 56 39 
8 -40 11 -5 -46 51 -43 
33 -22 54 -12 -58 -10 51 
-33 37 41 39 61 -12 -29 

14 -6 -60 34 -9 -58 -42 
-51 25 9 -35 -32 -36 63 
-30 -18 26 48 40 31 18 
-49 -25 -8 -36 -63 -62 -7 


-2 -36 42 -29 42 57 -20 
-34 25 3 38 -11 7 -50 
28 16 31 -38 44 9 -3 
-46 -12 8 -16 -51 -53 -41 

-8 16 -22 49 63 -32 8 
39 -32 50 10 19 27 -28 
23 3 42 -49 -45 -44 -64 
2 18 -27 -23 51 -41 51 


58 -9 -38 -43 5 8 -21 
30 41 15 12 -15 -60 -37 
-4 36 41 -10 -37 -61 12 
55 13 0 21 -10 -48 -31 

-1 -32 25 32 -53 60 0 
-22 -24 -36 15 30 -37 -5 
32 11 55 -32 44 17 -64 
40 -44 -3 -46 -4 25 33 


10 42 -35 39 41 11 36 
19 -32 11 -19 59 -3 -44 
-57 -26 -7 17 -48 22 -8 
-5 -16 -22 -50 16 53 -4 

-13 13 -14 -38 13 32 34 
41 33 -63 -21 -64 44 29 
58 -31 -35 -19 46 15 8 
11 -13 16 -11 -44 18 32 


-36 16 -48 -40 -30 13 -39 
-46 8 -6 2 57 53 10 
-21 -40 -51 7 40 -35 31 
-24 24 -56 -6 -32 2 61 

-59 -31 -42 0 -35 9 -8 
-28 -43 22 -27 -56 45 -41 
-53 42 56 -48 -53 -50 16 
-39 -9 7 -2 12 -34 35 


26 28 39 -36 23 -1 15 
-42 -22 -44 -20 -46 -36 -51 
21 5 63 -16 -31 39 12 
-34 36 -31 -12 -50 -11 32 

5 -1 -19 9 -8 -37 -38 
58 -5 -18 26 -41 -56 9 
57 -26 -37 -2 38 8 -57 
-32 18 46 -37 -51 -36 53 


-42 -24 -30 -43 -41 -34 -8 
51 22 -1 31 -30 -49 60 
16 -15 54 38 26 -40 59 
36 -30 54 24 56 -11 -9 

-21 26 20 -24 20 -38 -15 
8 -24 42 -20 -20 27 27 
49 -10 -13 -36 -48 -56 5 
-37 4 -13 35 45 -35 -49 


-17 22 -62 -31 -27 30 -27 
-24 5 -33 47 -40 -49 -32 
-34 21 52 13 -21 54 47 
-41 30 -32 0 -28 0 -17 

56 -25 32 21 -36 42 -62 
44 -25 25 45 18 -51 -23 
16 20 -44 8 59 52 -34 
-4 15 16 -23 55 -23 -42 


53 -32 -44 0 3 4 59 
-64 27 39 -6 40 -50 26 
9 25 3 -1 57 23 63 
34 38 0 35 1 -25 -35 

63 24 -53 -45 46 33 48 
-54 7 55 -45 -55 10 -27 
-3 -36 58 -4 52 -59 15 
-22 -11 55 -12 60 46 7 


-16 36 42 -38 -64 7 60 
-34 -21 -8 -29 -12 40 2 
-23 16 -46 26 -12 60 52 
57 -18 2 -41 25 58 -6 

37 -22 -11 36 -52 -55 3 
-29 7 58 -28 -12 7 54 
-11 3 48 -38 45 -27 62 
-51 34 61 -15 -22 55 21 


-43 -11 -36 8 0 37 23 
18 -10 49 -21 -63 -59 48 
-1 -25 12 20 28 40 -36 
17 -9 -25 -29 46 -40 14 

-59 -1 56 45 4 11 -39 
0 22 24 18 46 62 23 
-36 13 52 -31 -51 44 -50 
47 -35 -1 -17 51 -41 -63 


-26 -28 61 28 29 30 -55 
-37 31 -28 4 25 7 38 
-25 25 -4 13 61 -7 -22 
-58 -22 30 -31 -55 -62 38 

14 -1 42 30 -18 -52 22 
63 -40 58 43 36 -51 57 
27 -40 -13 -23 23 -34 -57 
34 9 12 33 33 6 12 


-42 -21 -9 23 12 6 53 
-37 12 -51 -42 -43 4 9 
-14 35 13 8 -50 -60 -33 
-26 37 61 2 -15 -54 24 

46 1 -22 -48 -38 -26 -29 
-27 24 42 -48 -49 -20 34 
27 11 -44 9 -52 -1 26 
6 14 -31 44 -26 -52 60 


4 18 12 -9 -17 -58 20 
61 34 -31 -47 23 -42 -58 
55 15 50 -4 -31 -2 51 
-36 -15 -40 -39 -45 -6 -22 

60 -32 22 46 -9 -45 30 
43 -4 -58 -18 33 -50 -61 
16 5 8 12 37 -34 -6 
42 16 -16 21 -52 -10 -60 


-22 -22 -24 -27 47 40 -51 
17 -26 12 -12 49 36 -5 
-23 11 -40 20 54 0 57 
63 -42 58 16 -4 7 -60 

40 25 -58 -13 61 -55 58 
50 18 34 -27 61 31 -13 
37 -24 -58 13 -62 -52 -64 
-18 -21 -1 -32 61 -31 5 


-7 30 20 -2 38 -22 -54 
-33 -6 -61 0 15 -31 -15 
54 29 39 -17 -5 -5 45 
-32 -3 -51 -1 56 -48 63 

44 41 -28 31 17 -31 -32 
51 27 -21 34 -57 43 -3 
-31 37 55 -50 14 -36 45 
7 -15 -15 -5 -51 28 -35 


23 -39 -61 45 50 -8 -49 
-4 -21 -27 -22 40 -52 31 
57 21 -33 16 46 -30 -2 
49 -29 50 -19 15 -41 23 

36 29 -35 -16 -7 -7 60 
-59 27 56 -8 -51 -51 -32 
32 27 13 5 -8 42 53 
-9 -29 -10 -3 62 -17 53 


-64 7 1 18 28 -34 -11 
40 -31 54 36 8 -26 -10 
-37 -15 37 -37 56 -25 45 
53 11 16 29 44 6 1 

5 42 40 -25 6 0 -49 
31 -13 -25 6 31 19 31 
20 5 -29 -39 -17 -53 0 
-12 44 55 -44 -32 -34 26 


54 -9 -35 -13 -37 -51 -25 
57 23 -6 46 14 61 16 
36 -37 -45 26 19 -16 -50 
-28 34 -61 -34 -7 -3 -52 

40 -44 -43 48 19 -41 -4 
31 -7 1 44 1 -41 -40 
46 -3 -11 22 17 10 6 
-56 -6 28 39 51 -35 19 


-18 -35 45 44 54 -23 -7 
50 -31 -61 3 25 -12 13 
35 43 -25 -47 -56 -44 61 
34 -3 58 21 31 61 -40 

23 2 40 -38 34 -34 -54 
37 40 -10 42 50 31 -38 
62 -2 -9 21 -64 -33 47 
-8 -14 37 -34 -38 -37 -56 


-13 19 12 14 15 -59 -60 
-11 -18 -23 20 -11 47 55 
-18 -23 56 33 60 5 -16 
-64 -36 -29 -11 10 13 -55 

-43 -35 12 -11 -40 -36 -51 
-41 9 -49 -42 -49 -47 -12 
12 10 -12 33 39 -64 -42 
-64 -4 -64 -41 -59 -49 -19 


-23 12 38 -45 38 60 -60 
6 -34 28 30 -11 15 -24 
41 21 33 -46 -30 7 -27 
45 9 -19 -12 39 -55 -46 

-56 -14 -44 -34 55 -53 62 
62 -33 -7 -28 56 16 -19 
-56 4 -23 -48 54 -2 -18 
-36 24 -6 -37 55 52 -1 


-38 39 -18 41 43 12 16 
36 -35 -14 -43 49 18 0 
-38 -16 -19 -12 -41 27 -35 
-16 -10 29 -44 19 -49 -23 

-3 -2 -53 9 11 -3 19 
-40 17 40 5 60 -1 18 
-61 -25 46 0 37 57 -55 
4 33 41 28 -14 18 -31 


16 -27 -51 -1 43 42 8 
-51 -24 -41 2 -22 -2 27 
15 35 29 -33 -56 43 31 
-3 -37 -58 10 3 -35 -52 

29 23 28 -42 -48 -40 -33 
5 -42 -3 -9 48 -39 -59 
51 21 -25 17 -19 -61 39 
45 27 39 -14 50 -28 42 


-35 -34 -8 -9 58 -23 -36 
60 -6 -15 27 30 1 -1 
51 5 35 -48 35 -36 8 
-17 -25 54 -21 34 -24 -58 

-49 -31 5 -39 8 61 48 
-27 -24 -41 31 41 32 -11 
30 5 36 45 38 -22 -58 
0 41 5 38 -47 28 5 


52 27 28 -31 10 10 37 
-34 7 43 -1 10 8 -42 
36 22 -45 25 -15 47 58 
49 -36 -25 -49 36 -46 14 

-4 35 19 23 20 41 -40 
-49 -17 13 34 -44 -41 42 
59 -6 32 -9 -35 -13 -49 
-18 26 37 -3 -55 -14 -33 


-55 -38 37 48 14 24 -61 
48 20 39 -47 -23 -15 17 
-16 -11 -18 -7 15 -45 -23 
2 -11 10 -14 -55 -15 4 

20 12 -17 45 -54 25 43 
-62 29 -59 -12 28 -44 -12 
-34 44 -20 50 -8 28 31 
-14 35 -43 -12 0 -38 40 


-36 -18 -35 12 35 11 -59 
-62 -9 -30 4 44 45 55 
2 43 4 30 -39 33 -21 
21 -5 4 24 50 38 -36 

-13 30 -17 17 10 27 3 
53 -34 -5 -25 -63 16 28 
61 -20 -16 -16 -53 31 -63 
31 19 -45 20 50 14 60 


53 44 20 24 21 54 -39 
11 -1 -46 -49 6 44 36 
37 29 -52 27 9 32 -13 
-37 -24 -30 38 39 -12 53 

-51 -37 35 -40 -23 57 30 
-22 -6 28 -25 36 -51 -14 
-34 22 12 -20 50 -17 4 
-19 -32 26 23 26 -10 63 


4 3 -63 -44 5 41 10 
-44 30 27 -46 27 39 9 
52 -23 7 -8 44 9 13 
21 -26 42 41 -59 6 59 

-4 -4 39 -23 38 -24 20 
-4 -27 38 -13 60 52 -26 
-15 -14 -41 45 46 62 -42 
32 -19 4 -36 18 -21 16 


-36 15 34 -17 -32 23 -36 
-7 -10 -47 -25 -17 61 -35 
6 -42 53 34 38 23 -47 
39 -11 14 -32 44 31 7 

15 -7 -38 -29 63 45 21 
-33 -9 -19 30 63 44 62 
-58 -18 -19 21 40 8 56 
-37 29 36 -6 -44 -47 -39 


-1 0 -27 25 -5 50 3 
61 -34 -34 -33 -52 6 45 
-16 9 -30 47 -55 7 9 
8 12 54 5 42 -44 36 

-33 -35 -33 9 49 -32 9 
54 32 -51 -5 11 -24 -50 
4 -7 -52 35 23 -21 -20 
54 26 17 44 -5 30 -25 


32 -11 -12 -9 -16 1 45 
4 -13 23 -12 0 -53 -58 
40 12 0 8 -62 52 63 
61 -28 30 2 23 -11 54 

-59 24 45 15 48 9 23 
-37 44 12 43 -60 49 -14 
-14 -11 45 -9 -51 26 -58 
-40 0 60 -13 -19 8 -33 


-22 12 47 -9 -20 44 56 
32 4 15 40 -51 -9 13 
-5 39 29 37 -13 13 -36 
19 -28 -35 -13 41 45 -37 

23 -1 47 32 27 -32 -58 
-40 22 24 -7 30 -33 -47 
32 -7 -43 -9 56 -60 -41 
54 -28 40 -49 58 0 8 


49 -34 44 41 40 -49 27 
-3 27 -64 -5 34 24 0 
47 31 21 32 61 1 9 
44 36 40 -22 0 40 37 

24 14 62 -9 14 1 51 
-52 28 25 -31 -7 -35 12 
37 16 -27 -3 -34 -29 53 
-30 1 -27 -17 -35 63 16 


