7 2

26 -37 30 -28 34 9 11 
56 -42 -10 -41 12 46 37 

29 29 22 36 -55 -38 -4 
0 -43 -43 49 -9 -20 48 


-52 8 16 1 44 52 -34 
-42 11 18 20 46 18 -46 

-38 8 -17 -4 15 11 47 
57 20 10 7 29 -17 50 


53 -14 29 48 -29 -13 -53 
48 -26 37 21 26 14 4 

16 28 -10 36 -36 -64 -35 
-11 -28 17 25 -51 35 4 


42 -18 63 6 -20 63 49 
-22 -18 28 22 -7 48 -9 

-51 -26 -6 13 -8 -35 -36 
6 -36 36 -40 55 -43 -4 


43 25 -48 36 -12 -59 -32 
-61 15 -61 30 23 -39 31 

-31 -22 -1 -34 25 23 -21 
-24 -25 -16 48 20 22 49 


-36 -3 30 -4 27 29 -10 
-50 1 -27 -27 -61 53 -36 

-29 -11 -61 41 -59 -40 12 
-15 18 -46 -24 18 34 -13 


-59 -27 25 -38 47 -8 30 
-36 -28 -36 -43 37 -37 54 

32 -1 -16 -38 5 -18 40 
9 38 -62 -46 42 26 -6 


-45 11 -62 49 -16 -50 0 
45 -34 22 -44 -4 -12 -62 

27 -4 41 -5 34 16 -28 
2 -21 -40 -19 -16 63 51 


14 -10 -28 15 14 57 26 
33 10 53 -24 -23 60 -2 

-38 10 -31 -49 17 44 15 
-64 -24 -9 -23 8 -29 -16 


-63 39 -8 38 34 42 -15 
23 13 -48 -12 -39 -1 -42 

-4 -18 46 -13 4 -18 14 
-2 8 40 47 -15 -13 4 


35 30 -42 9 35 -58 37 
24 -45 -64 37 -61 49 40 

-57 28 30 -42 4 -32 -21 
44 22 41 -4 -35 47 -58 


-50 -27 15 -46 -40 5 25 
0 -2 21 -29 1 54 31 

-2 36 35 -48 51 -20 51 
-34 27 3 -46 -63 -61 15 


-26 5 0 -18 -6 55 16 
-16 0 -32 8 61 30 59 

4 15 8 -2 47 57 -40 
25 -11 -33 14 34 -56 59 


-50 -23 -26 40 -62 5 12 
-58 12 -48 50 -31 21 -5 

-22 1 -3 -17 13 -29 32 
-9 -19 -8 27 -29 -37 -54 


52 25 -22 34 -16 21 -32 
3 20 44 -24 -63 19 5 

54 -9 9 -44 51 -42 -49 
-17 -37 -10 -29 51 4 -4 


-30 -6 -26 -50 45 -53 46 
-37 0 -21 -21 -62 -64 62 

56 -37 -15 -12 63 -44 37 
-39 1 57 -15 21 -7 56 


-15 -30 -34 -29 8 -44 39 
9 6 -31 -7 22 51 20 

31 11 24 -30 11 21 -58 
-46 19 -16 7 47 42 56 


-15 -10 25 31 -37 -15 52 
-26 21 19 42 21 -2 24 

-57 -37 -16 4 63 -2 -42 
48 -6 16 29 18 -42 -11 


-13 44 54 -36 -61 -45 -23 
-39 27 -23 -47 -17 55 50 

-41 -26 -31 38 59 12 58 
-42 21 11 9 23 37 12 


42 -9 12 49 44 25 61 
19 34 56 -24 -51 31 -61 

-4 -20 12 21 -44 19 4 
-19 -10 -1 2 -29 8 -59 


-6 -31 -12 -36 -4 42 54 
44 21 -1 -36 54 46 29 

14 -8 55 -29 13 11 -33 
-59 17 48 31 30 34 19 


-64 22 -30 43 -41 -32 46 
20 -25 -47 -27 7 30 12 

-13 4 10 -17 -46 -37 3 
35 31 50 -18 -6 17 -1 


-64 -34 -33 49 -40 27 39 
13 -41 6 -7 62 48 -15 

12 -32 -34 12 38 -29 -60 
-38 -23 26 -16 38 -25 11 


46 -29 43 -30 -61 -59 -61 
-5 36 -61 -37 -27 -9 -16 

-46 -30 31 -39 -50 -25 40 
37 20 8 21 -3 -41 34 


49 -1 21 -38 53 47 -36 
-34 0 -47 35 -17 4 57 

14 -8 39 43 -37 -35 17 
-45 20 -38 15 3 35 -55 


23 -17 31 -14 -40 -26 -22 
-2 -40 43 20 60 8 35 

45 7 -54 -2 -49 28 -25 
39 -10 -8 -35 -60 18 -37 


26 30 49 22 34 -20 6 
61 -6 58 32 2 0 -17 

6 5 -27 -46 -50 -18 -60 
-11 -23 -15 36 -44 -14 41 


-51 15 -18 23 5 -30 31 
14 -30 -24 -36 52 -49 -9 

61 2 -34 7 8 6 0 
59 27 -62 -44 1 44 -24 


-12 -28 1 13 -32 -8 -52 
14 -45 62 44 50 31 -48 

7 22 -22 1 -59 1 60 
7 5 27 29 27 -32 5 


-3 12 22 -1 63 -43 -7 
-61 27 -37 0 -41 -57 40 

37 13 16 31 28 -57 21 
37 -24 3 1 46 -26 -34 


7 -42 -35 42 -64 44 11 
46 12 -61 -3 48 -28 50 

45 28 -3 14 -16 -48 9 
-16 -9 37 0 -52 8 30 


-4 25 16 -46 -15 -57 3 
22 25 -35 -21 62 -28 8 

9 38 23 3 -37 -22 -14 
36 6 -45 7 -40 58 -17 


-47 -39 -3 -38 -29 -32 -14 
15 -26 -45 -11 22 -7 -22 

-2 0 -59 26 18 55 59 
-54 -11 50 15 33 9 25 


-46 39 -62 -12 -41 10 -8 
-23 -23 39 -50 0 -56 -49 

-44 -7 51 10 34 -20 -32 
-40 10 39 -17 40 46 -8 


16 -18 17 -42 59 -2 -64 
-8 -38 -58 0 41 -34 14 

-38 24 -57 15 -12 44 -49 
10 -11 -48 -14 20 51 -31 


52 -43 -27 -22 35 -20 -16 
-27 -8 -7 4 -31 -27 -6 

-9 -7 52 -41 48 0 -50 
17 18 -64 -19 -13 -53 -29 


-10 -18 -10 18 51 17 3 
60 16 -1 -21 21 40 -33 

-61 23 25 28 -42 29 -45 
-19 -30 5 -5 -1 7 4 


44 -20 3 3 -18 -3 37 
24 -24 -44 46 20 -40 -56 

-15 -12 -8 50 -53 36 -29 
9 -20 -44 16 52 -24 -64 


-1 37 50 -47 -14 -36 45 
-41 31 39 -37 -4 18 56 

54 22 -18 14 -56 -29 -12 
35 -7 45 5 56 -58 16 


-31 -36 -8 -43 33 -4 -15 
-43 41 63 -16 -23 52 -9 

-1 -18 -38 35 42 -6 -47 
47 -18 -13 10 4 47 38 


30 -44 -3 -45 50 0 61 
-7 -1 45 -44 15 -27 -55 

17 -7 36 41 -45 -28 10 
-55 6 21 9 -5 -12 -43 


-61 12 51 26 -14 23 9 
24 9 -1 4 36 -63 -9 

-21 25 -1 25 -44 2 36 
14 -30 -15 41 27 11 62 


5 -7 -45 28 27 -42 -8 
-47 30 -33 30 13 52 54 

46 41 44 -15 19 50 -48 
-55 22 -4 -34 -20 16 58 


-26 18 41 -42 -28 12 -63 
-47 -1 23 -34 54 30 -48 

33 34 56 -3 61 50 -44 
-47 18 35 1 39 0 27 


-34 32 -15 32 -2 -37 42 
47 21 5 -23 32 6 -5 

62 31 58 4 23 51 -21 
-23 21 -58 -8 -26 -34 -53 


-50 -19 54 -48 -25 -30 -35 
19 -3 34 49 -11 -47 21 

-10 4 -41 -4 -45 50 12 
37 26 -30 -30 23 19 52 


60 -2 -15 16 61 -1 -15 
-28 -29 39 44 -8 -53 20 

-41 -17 55 18 39 -34 -47 
9 0 -48 -18 2 -16 -46 


55 -35 51 44 -45 25 -50 
39 30 -40 22 34 27 27 

-18 -19 38 -5 -49 14 -49 
-10 -3 52 31 60 30 -22 


17 4 59 49 -4 27 -25 
60 -1 -35 -4 -17 -3 28 

-19 -12 11 2 -41 23 -1 
19 -2 55 22 2 29 -28 


39 -19 5 3 1 -3 -38 
22 28 28 42 -20 29 15 

57 -21 12 -25 -19 -42 5 
-50 -3 -1 -41 46 6 -19 


