7 4

23 32 37 18 -63 -23 17 
-64 44 -30 -40 -52 47 13 
17 -36 12 -27 -57 48 58 
-30 -4 -57 38 11 31 16 

14 38 -34 15 56 -47 -52 
-8 -17 50 -22 -32 -53 -9 
10 -45 -20 -24 10 -45 40 
-14 22 -55 15 -16 -16 -35 


7 22 -63 -36 -39 16 -43 
-14 -20 -63 -12 21 -7 -5 
-30 13 28 20 42 -61 -60 
-13 31 -4 29 -24 27 -32 

-32 -7 -27 34 -12 -19 -33 
30 -2 -32 35 0 0 9 
9 -41 58 49 35 -41 49 
52 -22 31 -2 2 25 -17 


24 41 22 44 14 -16 13 
49 21 -34 5 39 44 58 
-53 29 -19 32 25 19 48 
38 -12 13 36 12 43 29 

36 -14 38 48 34 -35 -38 
-5 -27 -9 6 50 -62 -6 
59 -16 6 -50 -49 23 36 
36 -10 27 29 -62 -4 -25 


-51 -26 -6 13 -8 -35 -36 
20 -1 45 -44 -21 19 -49 
9 -38 -63 9 -3 -26 -63 
-27 10 56 17 54 -33 20 

-38 19 59 -39 -5 -1 -62 
44 15 -25 34 23 52 -44 
34 -9 23 -25 -9 17 -10 
-7 14 61 18 48 -11 -3 


-31 -22 -1 -34 25 23 -21 
-48 38 -37 -40 -53 -31 48 
-38 30 -6 4 9 -4 33 
-60 13 31 -48 -26 -26 -3 

-24 -25 -16 48 20 22 49 
-30 -24 -30 -14 -50 -3 10 
-53 25 7 -19 -63 41 31 
10 -5 28 31 -15 15 56 


57 -31 -46 -33 61 39 19 
-10 -23 -3 47 -64 -35 -2 
-1 -36 37 45 -16 -56 -34 
58 -15 47 -12 55 32 -39 

-46 -22 -57 -26 -44 -11 43 
-51 -22 55 50 -43 34 -33 
-60 16 9 -11 -4 -38 -57 
55 -38 -48 13 -19 60 3 


-39 -28 -47 43 40 48 5 
-38 -22 45 16 34 32 45 
-62 8 -56 44 -7 -57 -11 
53 -26 -32 0 -27 -25 -39 

-11 19 51 -31 -39 -41 27 
16 0 41 -23 38 -38 7 
36 16 -18 39 -40 -10 19 
53 -41 15 -9 61 -47 53 


-40 -24 17 17 -46 -14 -17 
47 37 53 -17 -3 43 32 
-28 26 5 26 23 -53 7 
21 4 -43 -28 -18 25 24 

-45 -45 -42 49 55 61 -11 
-22 -20 -55 9 19 11 44 
-15 -25 -18 -44 -19 -41 -44 
11 28 46 28 -38 -5 19 


39 4 35 25 27 -4 22 
25 -6 -58 33 53 -11 38 
-46 19 -16 7 47 42 56 
47 -14 26 23 -4 0 -33 

-54 -7 -63 -20 28 -47 10 
-21 -19 -50 0 56 -5 30 
-9 -8 -16 -41 -60 -56 -7 
57 1 45 -44 22 -54 61 


33 17 33 9 -17 -29 0 
-6 -28 -6 18 46 42 21 
-51 18 -41 -17 -38 -5 -30 
-26 0 15 -48 60 -36 51 

-11 -12 19 -46 20 -49 19 
32 36 42 -42 -40 -3 -24 
18 -27 59 31 55 -46 -50 
45 -20 22 49 16 -56 47 


31 19 21 12 -19 -50 -51 
47 17 62 -27 55 -47 35 
52 30 -32 44 -21 -38 -43 
-5 19 5 -17 -45 -21 -45 

63 -22 8 30 61 -35 -22 
42 39 20 16 47 32 40 
6 -23 -62 -41 -58 4 -10 
-29 -18 -51 48 30 11 47 


27 39 21 40 2 47 33 
56 20 -49 11 57 -15 4 
-61 4 4 -19 59 0 -47 
-43 13 24 -47 57 -47 -18 

7 24 38 -24 -14 -42 -37 
-42 7 26 49 -17 -16 26 
37 -41 -43 41 27 25 -42 
22 34 26 43 -17 -14 60 


1 33 2 6 -4 59 -44 
-12 -3 -16 49 -14 25 -10 
-10 -4 -24 -24 -34 13 14 
37 3 12 34 3 47 -37 

-47 -20 -38 -24 30 -42 -49 
-52 32 -32 -45 -62 37 -17 
-17 1 14 40 -28 43 10 
8 26 9 39 -4 -46 11 


50 5 -43 -37 57 9 53 
21 5 -26 42 53 1 -18 
60 19 -15 24 37 59 22 
-14 40 -55 -28 56 -46 -46 

17 17 17 -38 37 -54 -32 
-16 -22 15 49 -15 -50 12 
-2 -28 51 46 14 3 31 
-10 27 17 -7 -55 -51 -8 


-8 45 -44 50 29 3 -4 
-9 -43 -40 47 51 -43 29 
27 -17 61 27 -17 57 3 
-64 -35 35 -44 -23 -23 15 

2 10 -51 48 56 -4 43 
35 23 -36 6 39 28 -17 
6 -37 -8 -32 -21 -45 -61 
61 -19 -48 5 -9 -15 53 


24 -14 53 38 -49 -4 -13 
-49 34 -45 -42 -44 -11 44 
-52 22 48 -6 38 -9 -28 
0 2 -35 -23 -34 62 6 

-1 37 50 -47 -14 -36 45 
-8 -16 -63 21 54 42 -62 
-33 43 -36 -34 6 -12 28 
43 -1 5 36 -11 48 12 


-37 -24 25 -38 41 58 59 
-47 28 6 44 17 -12 54 
26 -35 -45 -10 43 -36 30 
-23 21 -58 -8 -26 -34 -53 

12 24 35 -14 46 26 -48 
-32 -19 -30 -15 -55 41 -35 
-8 -13 -38 -29 35 31 55 
8 -23 -29 -47 34 29 -62 


-30 9 0 38 47 51 2 
-18 -19 38 -5 -49 14 -49 
-7 -24 54 39 21 28 -30 
46 -37 60 31 22 50 -64 

55 -35 51 44 -45 25 -50 
39 30 -40 22 34 27 27 
36 -22 -15 11 -56 9 -31 
37 -27 23 44 -2 31 59 


-63 -9 -40 -39 -18 38 -22 
48 7 -3 -34 -58 20 12 
17 -25 44 -10 32 20 -19 
12 35 9 50 -25 50 -33 

12 41 -6 13 -32 19 38 
41 11 -43 34 38 45 44 
30 -5 -16 42 32 55 -4 
-33 38 27 -48 38 -59 -17 


53 -27 41 21 -22 -4 -28 
-21 -46 -3 -32 41 21 -18 
-60 10 -58 39 25 -45 12 
43 -21 6 44 4 -5 54 

39 23 -55 -22 -41 -8 -50 
-4 -35 -45 22 -28 -14 50 
62 40 -15 42 56 -8 -28 
49 -35 2 -4 62 -26 50 


23 42 -24 17 -61 -20 -22 
7 2 38 -27 -28 -60 55 
37 7 48 -48 29 34 52 
-22 24 -58 37 16 -58 -18 

32 27 -10 -43 -46 -38 33 
-21 -42 50 36 -32 27 36 
61 -3 24 -39 -46 37 61 
51 5 53 -42 34 -18 -34 


42 -5 -23 -31 -50 -5 31 
41 17 -13 -22 52 54 -17 
57 27 -33 46 -13 29 -5 
60 -8 52 -48 27 -17 36 

34 45 21 34 20 1 49 
53 24 -2 13 21 -61 60 
-55 32 -8 44 -29 -8 -58 
-50 23 58 -41 -9 -14 -61 


17 33 -16 3 -29 27 -28 
-20 -18 -33 -5 55 -16 -33 
9 -10 -45 -9 48 -64 20 
39 -28 56 33 -24 43 -6 

21 44 59 -43 48 59 22 
-16 -16 23 28 30 54 -41 
62 6 -59 19 44 -5 20 
57 -44 61 44 -41 31 28 


4 3 9 -29 34 61 39 
18 -28 5 -48 12 31 -36 
-15 29 38 39 -14 -9 46 
49 -17 28 29 13 -63 41 

-46 -24 -12 18 -42 -14 1 
26 16 29 -20 22 -47 -35 
-60 21 46 -13 55 49 -3 
63 -11 1 11 -40 -39 14 


42 -18 -24 -38 35 43 -51 
10 -28 -61 36 -41 31 18 
30 -21 4 40 -21 -50 36 
29 -25 -46 -45 12 -21 -5 

14 36 -9 7 15 -13 -14 
-30 -32 43 38 45 -23 52 
-38 2 61 17 39 44 -44 
61 -44 -64 29 1 -59 21 


61 -17 -35 -3 22 27 35 
32 46 55 -21 35 -58 -58 
10 -32 -54 -13 44 9 48 
-28 9 -60 18 -60 9 13 

15 13 -50 12 60 -21 -55 
41 12 -1 -4 45 -26 49 
7 -20 -44 -47 12 -34 5 
53 -12 0 31 -3 -28 57 


-45 -17 6 2 0 -19 -6 
24 -9 -46 27 -35 26 -52 
23 -14 4 40 -34 -24 -64 
8 19 52 39 62 51 -54 

30 34 -26 -22 35 55 -9 
36 29 -44 11 11 -3 31 
-7 -8 -28 -37 -27 -6 33 
-19 5 8 -24 -28 -14 -20 


-8 -13 -51 27 -35 27 51 
-61 2 46 22 -29 43 -6 
8 -19 54 14 -6 41 31 
-53 -2 -30 38 11 50 31 

-38 18 59 -44 35 -14 61 
3 -44 -27 43 19 3 -42 
17 -31 -23 -22 -55 -41 12 
-6 28 -53 -32 -10 -16 39 


31 39 6 5 28 -56 28 
57 1 8 -16 57 -30 43 
-24 28 45 48 -44 37 -63 
47 -33 58 3 45 -39 38 

22 28 -10 -21 -20 52 -50 
-17 -16 -39 0 -30 9 -8 
52 -15 -35 33 22 24 13 
-36 42 50 -15 30 -16 -11 


-39 -29 -33 -5 -4 -19 34 
56 15 2 -7 -26 50 -6 
-40 14 -10 -31 -53 1 -28 
-59 -14 1 -34 -64 55 -1 

-53 6 13 48 -5 -7 29 
20 39 28 -37 -16 -58 18 
26 -24 -60 -48 -26 55 40 
52 -10 -2 18 -30 -29 -45 


31 18 16 24 -35 57 10 
-5 -35 -49 32 21 -21 -18 
58 11 22 -13 -26 52 9 
42 -20 59 6 -41 -63 -22 

13 24 53 -10 -54 40 -58 
-18 -35 -3 -15 59 33 -38 
36 -15 -23 49 6 -64 -20 
24 -28 11 38 -8 21 2 


4 24 -23 33 -22 42 25 
44 23 -38 -4 11 15 -12 
14 -7 -57 -12 53 -45 -54 
28 -24 -11 -14 28 -50 33 

12 45 -20 23 -8 15 -45 
55 -3 61 34 -3 24 -36 
12 -20 -34 -18 61 -1 41 
28 -13 -43 -35 -22 24 -19 


-54 -25 48 29 41 -29 56 
-56 6 -33 -26 13 27 -52 
53 29 -40 34 -59 -18 -14 
7 -9 -36 -48 45 -6 -23 

-24 -18 -34 20 51 -35 -29 
-19 -20 -23 14 -4 56 -43 
5 -37 20 5 39 -5 -44 
8 12 -41 -49 -61 -13 -32 


28 22 53 -11 48 -63 9 
60 43 -5 24 2 -15 -51 
63 -3 32 -36 24 -48 14 
47 -19 10 37 11 44 -31 

17 41 46 -22 -18 50 -11 
-12 -22 -45 -12 14 -51 -12 
-21 4 -26 -22 -63 -58 6 
-42 29 -42 26 -43 48 -57 


-35 -37 -29 37 -39 14 -32 
31 36 -35 8 8 -2 -34 
-42 -6 -63 40 15 45 -17 
5 33 -29 -22 -58 -14 -9 

3 41 -58 -28 -22 52 1 
-10 -35 62 30 13 58 47 
63 33 -19 11 43 -54 19 
48 -13 -5 31 -2 -51 -17 


-53 -20 -28 -15 -59 14 54 
42 14 -39 14 -20 -42 -5 
-62 34 -38 39 38 -55 -64 
40 -12 8 45 35 -1 -52 

-58 -19 38 47 6 29 22 
-26 -13 49 -9 -21 -14 -59 
59 34 -15 35 27 43 43 
1 36 -34 -23 -40 38 -41 


-55 -26 20 29 -31 42 25 
5 -27 19 -37 16 59 -58 
-33 30 -17 -41 3 -63 -7 
34 5 -48 -32 -21 10 58 

63 -31 -15 -6 -29 -12 -10 
43 45 46 -25 -21 -16 40 
-49 19 34 -6 -32 -18 59 
32 9 -41 -42 -30 -14 -28 


-52 -18 -24 -2 -50 -59 -53 
21 -14 21 -27 -63 -18 28 
12 -31 60 11 44 -5 -62 
29 -36 -17 -48 -22 50 21 

12 13 -55 36 -2 11 -25 
22 13 -11 21 17 59 -30 
-32 40 29 32 61 63 -54 
-24 16 -22 19 8 -51 7 


-28 -34 -18 43 -49 -54 43 
-15 -32 -17 1 58 2 63 
-45 27 60 -29 -3 42 38 
-10 32 -7 27 4 -4 16 

3 33 49 -38 17 -34 -62 
-64 12 -13 -38 28 33 26 
17 -28 -2 -32 -57 -53 49 
53 -26 -47 32 -32 -26 -5 


-57 -14 -10 12 -18 58 40 
49 32 61 -27 -48 -26 -30 
20 -34 -44 12 -14 -1 37 
56 -33 14 -49 4 53 -13 

41 32 -36 -44 -19 25 22 
-11 -16 -58 -19 10 -61 -30 
21 -43 -49 50 29 19 54 
-48 9 31 -23 -48 -60 4 


-52 -17 -52 19 -64 -47 -14 
33 24 25 -31 58 -32 44 
23 -18 3 8 -42 8 56 
42 -37 -34 1 -51 -9 41 

-43 -38 9 -41 -42 54 7 
-26 -32 52 6 -61 30 -11 
-31 38 46 2 50 16 -27 
-32 19 -6 36 51 -12 16 


-28 -1 42 -36 59 -31 -25 
57 37 -10 29 -54 -55 55 
16 -19 -64 17 -14 45 -4 
13 -2 55 19 -16 -35 -14 

-33 -39 13 -14 49 17 -39 
47 17 -5 -2 46 -48 45 
31 -43 18 -17 2 19 -63 
40 -22 -29 10 -12 -64 20 


-40 -35 -20 42 26 2 56 
33 34 -28 9 54 15 -27 
-1 -19 -26 -42 26 -5 -62 
-28 20 -48 -4 -24 -20 20 

-51 -12 -13 12 -63 55 -3 
-42 -27 61 38 -2 -23 35 
36 -2 58 -29 43 -32 -7 
-14 -18 4 -39 -9 27 5 


22 29 -63 -48 36 22 6 
-18 -31 -20 -27 32 60 5 
36 -24 22 -16 -35 6 -13 
-40 -11 21 -38 42 -15 23 

55 2 -28 -28 54 4 16 
-15 -11 -7 49 -21 50 -24 
23 -25 32 -29 -19 1 -27 
37 -25 -13 -25 -37 -63 -47 


-42 -29 12 -12 8 -35 50 
60 35 -7 -3 -8 -21 -10 
-51 28 22 -15 4 -33 -43 
30 -32 58 46 -46 -56 21 

17 18 7 11 -12 47 -20 
-10 -33 -38 8 -46 10 5 
47 -32 48 -42 -5 22 16 
28 -12 20 20 -48 -62 -26 


25 38 63 -49 -30 -11 -21 
52 44 -43 -30 -61 4 -38 
35 -17 -21 8 38 62 -9 
33 -12 -25 -37 -27 -51 28 

43 15 -32 -26 -41 -53 -13 
36 42 3 17 -56 1 -22 
-55 17 -45 -17 3 -59 30 
45 -37 40 2 22 -4 -42 


-34 -33 35 -27 21 -58 32 
2 -37 -55 18 18 -12 2 
-56 20 -10 -26 -20 57 -32 
-48 -2 46 -27 24 -6 57 

-2 -17 -61 50 24 -46 -52 
24 42 -33 34 29 19 -3 
35 21 48 -48 -38 23 50 
54 -22 -32 -9 11 -36 35 


45 1 -27 -24 -17 -63 -31 
-50 0 24 19 -31 -60 21 
42 -23 23 -37 20 -53 33 
40 0 1 31 -62 44 -18 

11 5 1 -39 47 -19 34 
60 29 14 31 45 -58 -47 
-2 -35 -35 -11 21 18 -26 
-9 21 -3 -33 -43 62 63 


9 29 6 -14 5 -34 8 
48 22 12 0 -13 43 42 
-33 35 17 5 48 -7 56 
-47 -8 -26 28 -13 -57 -30 

-52 -45 21 -20 -45 48 -2 
-20 -39 -14 -42 -29 -49 -31 
23 -31 -11 16 -22 18 -27 
-38 30 -25 27 -14 -15 25 


-33 -20 -37 25 -31 -39 -18 
44 18 -5 26 36 61 -44 
-35 26 28 29 19 -9 -31 
61 -20 57 -3 12 8 21 

-55 -25 8 47 39 6 -25 
-11 -11 -45 18 22 -51 -60 
-47 10 -6 -17 -63 16 -56 
35 -23 -45 4 33 -36 -17 


-6 -1 23 -28 10 5 57 
-44 3 -45 -46 -58 24 63 
-43 22 43 25 -30 37 -28 
-18 23 -37 -23 3 48 -49 

-43 10 50 -43 -31 7 -4 
5 -24 5 -33 -63 37 7 
-54 2 8 -33 -40 -13 56 
34 -43 59 23 -62 33 -39 


47 9 18 30 56 -53 -26 
-11 -25 35 -8 2 45 3 
37 -36 -43 31 -58 49 -26 
-6 19 -19 -33 47 2 62 

59 -16 38 27 26 46 25 
-63 5 37 38 24 -7 -55 
-2 -30 52 18 -13 -24 39 
-45 -19 -58 34 -38 27 -7 


-23 -36 36 -37 -12 -10 -31 
-14 -19 25 -15 15 -6 -7 
-25 35 38 48 3 -45 41 
46 -40 21 -37 -21 60 -32 

39 22 39 39 -21 21 12 
-19 -22 58 2 54 -24 -2 
-35 33 -40 -19 30 -51 -4 
47 -13 -3 47 3 -10 -35 


-40 -14 28 -21 7 22 42 
16 -32 20 -47 -29 -37 -10 
-36 19 -61 17 54 23 -3 
39 -19 27 43 -54 -45 22 

42 -4 -36 -25 52 35 -14 
43 25 35 -5 57 -9 12 
-61 29 -8 43 30 46 49 
17 -36 -39 -34 48 -41 -56 


44 -2 -21 -38 59 -18 33 
10 -40 22 -40 6 -17 -37 
-12 31 -16 -49 -5 26 38 
35 -17 61 23 -23 -39 28 

15 17 -58 22 -17 38 -34 
-11 -33 -35 -7 -32 -53 -63 
8 -10 29 8 33 -60 -45 
-43 8 -35 47 -43 31 22 


36 30 -33 -21 -2 -52 -56 
-13 -19 33 -20 52 -45 -13 
28 -45 4 -30 -21 51 31 
-13 16 44 8 -39 41 -43 

5 12 -4 -2 -15 42 62 
-34 -27 45 17 25 -18 31 
13 -37 35 -4 -50 49 -3 
50 -28 -19 -5 -8 8 -36 


61 -28 10 28 60 -10 -24 
63 18 -36 -3 58 15 -25 
-31 2 -19 -18 -37 63 -1 
-51 -44 -24 50 -42 -53 56 

1 36 30 -39 41 -53 -37 
32 20 -26 2 46 23 41 
52 3 19 -35 -44 -26 -46 
1 22 28 34 -53 -7 54 


-44 -33 38 -14 -16 21 59 
-25 -20 -19 -13 49 -40 17 
-53 45 -51 -31 26 4 33 
-7 23 62 -14 35 35 -60 

-35 -31 -21 39 -47 -41 -48 
47 -3 -9 -42 41 36 9 
-5 -13 20 13 -61 44 14 
-13 16 -64 -6 17 -42 28 


-33 -27 -47 24 -11 31 42 
-44 0 -43 -27 33 43 -51 
-4 -22 41 48 -30 -63 13 
52 -38 58 43 -34 -1 63 

11 41 4 35 -20 1 -46 
-30 -37 -23 -10 27 -2 28 
2 -9 21 18 -49 8 13 
56 10 63 -42 -3 -56 -44 


34 -9 -12 -29 -21 2 50 
-7 -34 0 -37 22 52 -2 
-5 -36 -19 -16 -38 41 12 
53 -17 34 -2 -58 25 -14 

-24 -32 33 -26 27 41 -6 
55 37 -39 -15 -61 25 12 
-14 2 -46 -36 -2 3 62 
-3 -5 -18 -42 -34 -15 -61 


-60 -12 -45 -8 -46 43 -18 
-6 -31 26 -1 -17 -21 -48 
36 -18 -41 35 -60 8 -35 
54 -13 -17 23 -47 -38 49 

10 28 54 50 -2 50 -43 
29 36 42 -25 0 33 -38 
2 -22 60 14 28 -14 26 
38 -39 48 44 59 -28 33 


47 -18 -26 -32 12 37 -3 
-12 -36 -24 -19 17 36 44 
-17 -9 53 28 14 39 34 
22 -37 49 28 58 24 58 

58 -43 50 41 3 -40 -54 
-62 9 -11 -18 -5 0 37 
-34 16 55 14 15 48 28 
-18 36 -7 1 21 -7 6 


44 20 -60 -37 -20 29 -56 
37 29 38 -22 61 -34 26 
-52 15 -13 -37 -62 34 -49 
53 -9 36 -15 -4 40 -14 

-32 -39 20 -7 46 -32 17 
-7 -20 59 -38 21 15 -22 
-46 22 42 37 48 7 5 
37 -26 -42 -38 14 10 37 


-46 -9 27 -18 -46 -52 -40 
35 16 32 -10 -58 -40 -38 
-51 31 5 41 -19 20 59 
-8 12 38 49 -45 10 60 

63 -33 -21 -40 -44 13 -25 
49 23 -28 20 -25 -60 -54 
-38 35 2 -1 -40 23 13 
54 -19 -55 37 29 55 33 


-53 -38 10 -28 -22 -49 -29 
-41 -3 -42 -47 -29 -32 -16 
-34 27 34 33 -7 -21 14 
-31 30 -19 11 -31 -26 13 

25 8 2 -22 50 -11 -58 
-54 -3 -28 -31 58 -6 -14 
10 -31 45 40 60 15 9 
39 -34 -31 -2 -22 18 40 


-23 -28 -53 48 33 2 35 
2 -28 -35 18 0 -40 -1 
-39 25 6 -11 13 1 13 
-53 -25 -36 32 37 6 38 

-48 -36 59 45 15 -9 -39 
-49 16 24 49 -3 58 60 
-58 29 -21 -5 1 42 -42 
-45 43 45 -31 61 -4 10 


51 43 32 45 17 -31 40 
-6 -3 -5 38 38 -47 29 
61 32 -41 19 42 3 -33 
32 -30 -11 -36 -53 40 -27 

16 33 35 -4 -17 -25 53 
63 15 34 16 -15 5 -52 
-19 13 32 41 -38 16 43 
57 -31 -3 -37 -29 2 59 


52 -17 -36 -27 42 -34 57 
51 35 -1 26 3 46 -44 
-4 -18 -51 -41 -62 17 -4 
-11 29 -14 19 -61 -58 59 

56 5 -36 -41 13 -24 -10 
-17 -19 1 50 21 11 39 
-49 11 49 29 -3 21 61 
-18 19 -41 -20 46 59 -40 


-64 -34 -12 -43 -9 2 39 
63 34 27 23 16 40 -3 
19 -15 63 -8 -39 -50 -53 
0 43 41 45 -22 39 -5 

-9 -16 -40 34 -30 -40 49 
-16 -3 -60 -17 -32 31 -57 
-57 25 25 -10 -59 -8 7 
27 -27 -35 -45 11 6 50 


20 22 -33 -8 9 -57 54 
8 6 40 -45 -38 -31 2 
-42 -3 48 38 27 -38 -32 
47 5 -7 37 2 -7 -60 

8 44 43 -31 23 -1 10 
28 17 8 -28 -41 -16 -9 
60 23 42 -46 -44 27 57 
-28 14 17 -14 52 -30 41 


-28 -17 56 -40 -30 -55 44 
62 21 -55 7 10 -3 -55 
-8 -16 38 48 42 29 -25 
-43 15 -34 36 8 43 -52 

10 3 -43 31 10 -14 -47 
-55 25 39 19 -21 -17 32 
57 29 -26 18 -38 -18 -63 
-23 19 -61 23 28 14 -46 


17 16 60 16 15 35 35 
-40 -24 -22 -36 -27 -9 -43 
16 -20 3 -32 -36 32 -44 
-42 25 -3 47 -14 -41 24 

31 18 -2 1 8 -22 -37 
27 19 -11 22 20 40 -6 
15 -33 60 50 21 -44 48 
-21 20 -50 39 52 -26 49 


7 38 -4 34 -22 -37 27 
24 31 37 -22 -54 -48 -52 
-57 15 -40 30 -31 15 -36 
40 -1 56 -30 -17 -4 -39 

49 -20 -35 -41 13 -3 7 
-43 -10 44 41 -36 -61 -29 
-42 20 44 35 -57 -8 31 
-20 35 27 3 -19 -25 -10 


15 10 53 43 29 -2 -22 
39 36 -52 -7 5 -63 14 
-60 36 -46 -2 -58 -64 46 
51 -14 -12 16 -58 26 -42 

18 33 53 -43 38 44 57 
-50 -7 38 32 -19 24 -26 
-51 10 -4 -27 14 -15 -63 
54 -36 37 18 -49 45 4 


61 3 -48 -45 17 31 44 
-42 -23 -5 -45 44 11 -26 
48 -6 -38 24 -17 -33 -4 
55 -27 -10 -8 16 -41 2 

-52 -35 57 -8 -34 -55 37 
12 -22 37 -25 -39 10 -33 
-31 27 -44 -27 30 31 27 
-32 23 -21 23 45 -43 39 


-60 -44 37 22 -17 27 -64 
50 33 -16 -9 -40 62 56 
-35 36 13 27 -19 -27 -52 
52 -1 -15 30 -64 15 -32 

-50 -25 15 -7 32 62 41 
-26 -41 -15 -50 12 -29 5 
32 -7 62 -42 -22 -61 54 
21 -13 61 31 -15 -57 29 


50 -1 -16 -50 -45 51 -48 
3 -28 -26 19 -59 42 -50 
4 -19 2 36 -48 -27 -15 
-32 22 -34 44 58 20 58 

19 38 -34 -32 12 -1 31 
43 -3 3 -38 -34 22 20 
1 -20 -12 -24 34 58 19 
44 -30 0 -29 30 -42 59 


20 25 -42 25 -53 -44 60 
53 -7 -1 -29 -18 -3 -30 
-36 15 -11 -19 -50 -43 -50 
48 -22 52 -2 -22 -6 20 

-14 9 -16 28 -6 -51 -56 
-14 -3 61 -47 29 -20 46 
29 -39 -39 18 18 24 53 
-36 17 34 -47 -22 -12 -41 


-51 -14 -31 -11 20 35 -3 
-10 -32 -29 -23 -13 -57 -44 
41 -14 -41 47 -11 5 25 
-46 -6 -32 48 60 -25 1 

32 44 -58 -35 30 32 60 
37 31 -24 49 56 -45 56 
28 -8 -25 25 17 -14 -45 
-60 -41 27 -42 17 60 -57 


-15 -31 -35 47 -48 32 4 
41 10 57 12 59 -34 -7 
31 6 -10 50 -6 15 1 
-35 34 -7 50 49 -61 -30 

62 -19 55 27 4 -20 38 
46 24 0 24 -30 -7 -28 
15 -35 -42 -9 -23 8 -33 
62 -37 -31 49 0 54 -9 


17 43 -56 -17 54 20 15 
11 -32 16 -30 14 -11 12 
1 -5 -40 -44 7 18 45 
29 -27 25 6 45 46 -26 

44 33 -27 -37 -60 -22 -38 
-18 -28 -10 -39 47 52 33 
11 -28 -52 -10 60 -4 16 
50 -29 -57 18 31 -24 1 


37 -3 40 33 1 -32 15 
-3 -20 -15 45 46 -28 57 
-53 28 44 -6 -46 -17 -45 
52 -18 -30 17 37 -20 -25 

-13 32 27 -36 0 43 -52 
0 -21 62 -20 -3 9 -24 
-21 -6 -17 -25 34 -46 -14 
-28 18 -9 37 35 -54 -38 


36 18 13 48 40 -30 -22 
50 -12 -5 -33 61 6 13 
-61 38 -23 -2 -15 51 -50 
-17 32 -53 -48 13 -27 -5 

5 28 33 -2 39 -6 26 
20 -14 -56 40 -51 -62 33 
53 18 -28 36 -45 2 -8 
60 -29 60 -14 51 -3 -43 


-41 -12 53 -47 24 -9 -9 
-54 32 7 48 59 -34 -4 
-44 41 6 46 -6 -29 27 
36 -38 -25 -39 -16 -33 -55 

-3 6 4 -36 34 52 -10 
44 -7 -58 27 55 53 -53 
56 -8 -29 37 18 35 -42 
-32 10 13 -1 57 -46 48 


-29 9 -24 49 38 11 46 
-12 -25 -11 49 -36 9 18 
-51 26 16 -42 -51 4 54 
-56 -38 38 -29 -16 -56 26 

-57 -15 22 49 -30 -14 33 
1 -17 1 6 19 40 -24 
-49 -4 6 -42 -35 -42 -14 
49 -22 55 23 46 6 -21 


16 35 2 -2 -49 -13 6 
-41 -15 21 39 -44 -40 -27 
-62 16 -10 2 36 23 -17 
42 -25 39 14 -25 30 -21 

-50 -27 32 -17 -36 37 -58 
-31 -44 -22 -24 -5 -59 50 
-39 14 27 10 -52 -57 -61 
-21 19 -63 9 -6 11 17 


-43 -6 9 35 -6 -49 -30 
57 13 48 19 -61 24 3 
11 -22 -39 4 55 -55 -40 
-46 43 -29 35 40 -55 62 

-23 0 53 -20 12 -58 -59 
-60 15 -49 -31 -5 43 -58 
19 -11 9 23 -60 24 56 
22 18 -45 -45 -25 4 -61 


14 1 54 44 -40 -61 50 
11 -10 -39 45 -64 -57 29 
3 -34 31 36 33 37 49 
-47 24 -32 48 -30 17 25 

-24 -9 -28 32 -4 -17 59 
-15 -35 -51 20 41 -47 3 
-45 39 21 44 28 38 46 
15 -35 -42 -31 62 -22 45 


-58 -33 -35 -9 20 -3 20 
51 20 2 27 -34 -57 40 
30 -19 50 -50 35 -33 10 
-24 31 -45 14 -6 39 -12 

50 36 46 50 10 9 14 
36 26 -54 16 -16 13 -55 
-10 -14 -34 -35 -26 30 -26 
51 -23 16 -14 2 1 57 


44 -22 55 45 -18 35 48 
-30 -33 -41 -13 -52 -60 9 
-58 29 -18 12 -52 16 34 
-39 39 -12 45 -43 -30 17 

0 5 -30 44 -64 -29 -16 
63 -5 -14 -40 -64 12 30 
-34 -1 -11 -28 -36 36 48 
52 -33 -7 -46 30 47 -10 


-55 -39 -42 12 22 10 47 
-22 -27 57 25 -23 48 -46 
-53 31 -14 26 -5 28 15 
-19 -13 63 43 50 -31 -45 

48 -33 51 44 -27 -29 -21 
-14 -30 -53 -11 -59 12 -24 
8 -27 -2 -34 42 17 8 
29 -22 -34 -26 -54 50 33 


-39 -27 -11 -10 44 59 43 
57 43 17 15 -2 -59 42 
26 -11 -7 3 -64 55 -39 
13 24 -32 -49 -13 -54 58 

14 4 -16 -45 58 61 50 
37 -4 -53 30 -25 28 -18 
-20 -15 46 35 -16 -30 14 
42 -23 27 -4 63 -36 -16 


60 16 9 50 4 30 33 
4 -35 -45 47 -48 -35 -36 
-22 8 41 24 -47 56 41 
-24 24 -42 19 62 -15 62 

16 41 1 13 31 29 -13 
56 40 -44 -43 -38 46 -31 
-61 45 -6 41 -40 -27 4 
-18 2 -57 24 10 50 -18 


-6 18 -38 26 -31 4 -38 
45 18 -40 -10 -32 19 31 
13 -27 59 23 -22 -54 -2 
-16 28 -20 4 -61 -40 -15 

9 14 -5 -23 45 -2 -64 
21 1 -20 25 35 24 -57 
58 34 24 -43 47 42 14 
55 -28 -27 10 59 9 -43 


32 24 -61 39 -46 -35 -28 
11 -24 -27 28 -59 -6 -44 
55 25 18 -27 -10 14 -16 
38 -24 62 50 -48 -47 47 

40 18 -45 -35 19 -5 -19 
5 -6 42 -45 35 -61 -26 
49 -14 -58 49 26 -43 44 
-34 12 -8 20 46 59 -15 


-43 -5 -2 32 -22 57 38 
-60 31 12 33 -53 -41 11 
-49 18 2 -46 63 -11 -21 
-15 38 -9 0 -8 57 18 

-34 -18 -16 24 -63 -49 -27 
-9 -24 61 -26 -38 48 1 
28 -5 26 -19 15 -60 -62 
-8 28 3 20 6 -44 -28 


-63 -18 19 45 56 18 -16 
-1 -34 15 -43 10 23 -6 
22 -15 50 -44 -56 11 48 
56 -20 24 -21 43 23 -4 

-18 -11 -24 45 -47 33 -64 
54 33 46 20 -40 -33 -14 
-52 32 -38 -17 -32 46 15 
-33 37 -26 34 38 5 -40 


-6 22 50 -45 25 17 -64 
-23 -43 -5 -37 63 -6 7 
16 4 51 -49 47 57 39 
57 -44 -62 15 -9 26 -31 

41 6 43 47 41 54 32 
38 -4 14 -48 17 -55 -21 
29 -1 57 -22 49 -56 -29 
-25 21 -53 20 18 3 -50 


-13 10 -41 40 13 30 23 
-46 -44 37 33 12 31 -32 
-15 9 16 49 4 39 13 
-17 13 9 -41 -63 4 -38 

-46 -19 -41 -10 -62 52 -55 
-1 -19 -42 2 20 -11 30 
0 -33 -42 -13 -34 6 18 
-41 12 30 -40 -12 -59 56 


-46 -38 -63 44 24 55 48 
6 -21 -14 25 5 -13 5 
38 -32 -59 43 -49 12 52 
56 -21 -14 33 -18 -19 39 

-36 6 60 -34 45 8 -11 
-35 -22 -11 -7 49 -14 24 
13 -27 0 -42 -26 -14 -21 
5 19 25 29 -58 -32 5 


