7 8

-44 31 -64 15 36 22 -21 
-8 16 54 -6 -52 -19 46 
18 -9 0 39 -42 0 -10 
-40 -22 11 16 58 1 -54 
-58 23 -28 24 -50 37 -1 
-64 -3 -28 -40 40 48 40 
28 -14 -18 34 -55 18 -6 
-39 6 -52 -39 -60 -16 -14 

-37 -18 -59 28 19 4 26 
-57 13 13 -24 10 -47 46 
58 -42 33 -43 4 38 49 
-57 46 57 -50 -4 6 -10 
-28 -27 53 -34 -4 23 -13 
34 -15 51 41 -32 44 55 
-41 -9 58 -5 29 47 25 
44 -32 -38 14 18 -51 -8 


-28 -41 -59 49 -3 11 -10 
-41 33 13 23 49 -33 43 
-49 21 60 -12 44 -63 -27 
-53 -2 59 -30 -33 9 58 
-53 12 1 -37 -31 -3 15 
-51 44 44 -40 -21 40 -5 
-33 34 19 -22 -18 -44 5 
-37 25 51 -24 5 32 0 

62 -12 1 37 -54 -30 46 
33 -35 34 -43 -58 -60 -6 
-22 13 27 -24 -63 -36 -51 
-48 40 37 49 -59 7 -58 
-51 -2 52 -9 -53 16 31 
10 -15 -11 27 -39 -38 12 
15 17 -44 28 -49 -55 -44 
48 8 59 -5 57 -16 -42 


1 -9 12 14 4 33 54 
40 -37 -39 -41 -25 -15 25 
-42 30 -37 23 -43 40 -27 
-60 -12 13 44 16 38 -61 
-31 33 -37 -9 -1 -9 -50 
33 -33 37 37 19 -14 17 
47 -27 56 -48 -58 -45 8 
18 24 -41 -13 55 60 -40 

10 -17 -11 49 -53 36 -8 
41 -24 -40 -35 34 44 -34 
25 9 -37 -29 56 16 -43 
55 -41 28 32 -1 52 61 
20 -33 -13 -19 40 14 16 
-29 -40 20 -38 -17 -15 58 
5 10 22 -39 41 -54 6 
11 -17 41 46 7 -3 -55 


35 -2 -39 -45 28 62 45 
32 11 34 -13 -48 54 -40 
47 -6 -27 18 57 -2 38 
55 -12 -62 23 -64 37 -54 
-5 -22 12 -22 36 49 61 
1 30 9 -8 -45 12 -48 
-19 -12 -39 41 30 37 -45 
52 -22 -40 -11 -56 34 46 

-2 -41 20 48 -30 -52 63 
-62 5 19 16 -38 -13 41 
21 -3 19 -45 20 -24 -61 
-48 27 -29 -45 -31 54 35 
29 -16 35 -14 45 -10 6 
-45 -15 -38 -29 -52 -3 -10 
2 23 -48 -32 -57 51 18 
-37 -18 62 -18 31 -40 18 


-62 -32 47 -13 49 -5 57 
58 -13 34 24 -7 2 8 
-12 1 -63 -9 33 48 42 
-28 22 -9 -34 -55 -39 55 
-49 12 14 3 -51 15 58 
13 -25 34 49 61 -38 -49 
-1 13 -30 14 -39 48 -46 
40 -6 25 -11 33 -4 -26 

50 -8 59 -39 1 55 26 
-41 21 8 -27 30 4 15 
18 -21 35 4 35 31 29 
2 27 -1 25 -16 -57 63 
46 -1 37 0 42 8 -59 
-57 -13 -58 9 -49 5 -29 
-26 -1 -52 -44 62 49 20 
31 22 -11 38 -55 -4 -17 


40 19 -53 41 -28 10 58 
61 -19 -8 -20 62 -47 10 
-15 -16 36 -39 -61 48 -61 
-29 37 44 -32 -46 -27 12 
-1 -8 27 49 40 0 -54 
4 32 6 39 5 -14 -57 
44 -25 8 -21 31 -28 -36 
62 -1 5 2 -33 -53 -23 

8 -33 24 21 9 -49 -24 
-53 -25 -26 -24 33 59 -41 
-25 -6 61 47 25 21 4 
-47 -10 -42 -36 30 -4 4 
43 -16 -51 -46 42 -54 -63 
23 23 20 40 -50 42 -60 
7 36 -25 -14 -44 -12 4 
36 -2 -15 -5 -43 -59 -28 


-42 27 47 -18 -37 -34 -26 
-32 8 -8 -7 57 42 15 
15 12 -12 38 -25 -28 -44 
-29 37 -47 3 -18 9 60 
11 -21 5 -37 55 58 -63 
49 -20 24 -44 -47 41 23 
55 -20 -22 2 23 47 29 
40 2 -45 25 46 44 46 

-33 14 -29 -14 -46 -56 60 
10 28 2 31 -5 -35 52 
3 2 -6 34 -47 29 -44 
-25 -12 11 50 -48 -51 17 
-33 -34 -43 34 32 15 4 
-1 -13 19 39 39 -34 25 
14 41 30 45 -57 51 15 
-64 21 5 -1 -56 -39 -26 


1 13 -58 -30 55 60 -36 
28 8 39 9 62 15 60 
-35 15 -14 30 -36 -8 -64 
43 36 -36 8 -20 -60 -47 
-23 36 -9 7 -13 41 -27 
-13 -23 -46 -33 -51 -17 39 
-24 1 -29 17 -26 26 -40 
-4 -26 -27 48 15 -9 -49 

-28 -24 10 2 -50 62 -29 
-2 14 -19 44 -56 -23 33 
-45 -12 -36 -9 29 38 57 
-21 19 -50 41 -31 -5 21 
15 -30 -26 34 22 2 -39 
-6 -13 56 37 -58 -58 14 
25 4 -2 -23 38 36 -53 
29 38 54 -41 -39 46 60 


-59 -33 28 -31 8 -62 31 
-28 -11 -7 -26 50 7 -51 
39 -11 43 45 20 7 -50 
50 -14 -8 -41 39 49 -3 
-62 43 -24 41 -32 -45 22 
-11 -1 -14 -25 49 42 -2 
33 -42 53 35 -63 -35 12 
-17 25 -30 36 -40 21 -53 

12 6 63 16 34 5 63 
-41 -43 -59 34 -12 -37 21 
-36 10 45 40 -48 45 -8 
25 -8 10 48 13 16 18 
53 26 36 -47 -28 18 58 
24 27 60 -14 -45 6 -30 
-30 -16 -29 -41 -54 -57 -24 
-55 -1 10 34 -37 6 -44 


-57 8 -25 -32 -64 -20 50 
-26 36 -48 -41 34 62 -9 
-9 17 45 -2 -39 -43 30 
50 -5 -44 -40 -32 -27 -16 
-19 -22 -19 36 59 -38 -30 
26 26 60 13 -42 -47 37 
-26 -10 55 19 33 -28 -9 
31 -21 -1 -6 -58 -5 -57 

24 -24 -8 42 -55 -14 -8 
17 -22 18 -41 31 49 2 
-39 1 17 50 41 -55 28 
-62 -29 39 20 13 -7 43 
-44 -17 -64 -18 49 17 -32 
-10 -10 -43 -8 25 61 -52 
28 -1 25 49 46 26 -33 
-36 12 44 18 -62 -62 -54 


24 18 22 -4 38 -51 39 
33 -25 22 -2 0 18 -23 
10 -32 19 -30 51 -23 30 
41 -16 53 10 24 11 -56 
-40 8 -11 35 40 -56 -59 
49 -5 46 27 43 35 -27 
-24 8 44 1 -48 -31 -28 
3 -9 57 -11 50 39 -48 

34 18 12 2 32 -33 55 
-28 0 -9 -41 -5 31 33 
25 -9 5 -5 -55 -47 62 
-40 -35 -15 -4 29 41 20 
27 -15 36 -12 40 -23 48 
3 -18 -18 28 11 31 -40 
57 -23 -23 20 27 -51 -55 
29 10 -11 -31 56 35 61 


3 13 21 8 37 37 14 
-44 -3 -24 49 20 36 -38 
43 -18 43 -18 59 0 54 
-46 -28 -3 -26 33 38 -41 
-6 -12 -31 -27 35 -52 20 
21 19 -64 40 55 -2 -50 
-51 -35 52 8 18 -43 45 
34 -37 28 -9 46 29 -33 

41 -4 -64 -19 -16 31 6 
-36 20 -44 1 -37 46 -50 
33 -26 4 10 34 4 55 
-11 10 -15 18 -33 6 -45 
30 13 10 -1 51 -49 -55 
25 -28 -26 -50 46 23 32 
-11 -30 1 -45 47 -52 19 
38 -37 -18 -1 -1 20 13 


13 0 43 21 27 19 -33 
35 -29 -26 35 -59 5 14 
62 13 55 12 -51 35 -31 
42 -7 15 14 29 54 -15 
14 11 46 13 -39 37 -39 
35 -21 -63 13 37 16 -37 
31 -31 34 -19 44 16 58 
60 8 28 31 51 29 -19 

-24 -18 48 15 -58 -56 47 
-60 -30 22 47 49 54 -41 
41 -10 0 -47 36 -15 32 
34 -5 63 39 29 21 22 
-26 8 -6 -49 62 58 -32 
2 6 12 -28 -63 11 -53 
-59 -11 -45 -20 62 13 -5 
24 -19 8 -38 52 -43 -1 


-4 43 -46 -45 -1 20 -11 
40 6 58 19 -51 57 -51 
-38 -28 42 23 -49 60 42 
50 35 7 26 -23 2 -19 
6 44 8 33 -48 -14 -8 
55 -41 -51 41 58 21 3 
28 18 6 -30 -2 -49 -61 
48 -32 56 39 -9 -58 16 

28 -26 -10 7 59 -51 20 
-31 15 45 -5 -4 5 -11 
15 17 -33 -21 55 21 51 
-9 -5 -6 24 -54 -25 -45 
-32 -17 -30 47 -64 2 -38 
-28 -41 48 27 18 -22 -13 
15 1 -5 47 48 30 30 
-14 27 -45 22 50 -61 -15 


-38 -5 47 -2 29 -36 -35 
-52 -4 -14 13 28 -63 -45 
16 -22 -40 42 37 -57 -23 
12 -14 -30 24 46 20 -27 
6 37 -51 -42 -49 -27 -64 
11 -23 -9 -41 27 25 47 
46 -25 42 -12 -52 56 10 
-37 35 7 38 -51 62 62 

-57 23 52 45 17 56 44 
-41 -43 -31 -47 27 -53 -38 
2 -29 6 9 59 -6 -10 
11 21 -8 34 42 26 51 
52 -19 -23 -9 16 47 -64 
10 -18 -43 -43 -61 13 55 
-37 -35 10 -48 10 52 7 
40 24 45 -14 -58 -62 7 


59 27 -21 -1 35 -9 54 
-20 20 35 -18 18 9 -20 
3 22 -59 -2 -15 -16 61 
-50 -9 55 -6 -52 26 40 
-50 -23 -27 17 63 -22 -49 
18 4 48 32 59 39 -37 
26 7 19 40 48 56 -7 
0 19 19 -46 -41 3 51 

-47 -25 17 29 63 51 51 
-11 16 -39 7 -38 58 10 
-43 40 51 -26 -49 4 -60 
30 -28 -43 -45 52 -18 26 
-15 27 -52 6 3 63 44 
-57 2 -61 37 38 -40 56 
47 -30 8 -32 61 20 38 
-45 -21 -50 -38 45 -47 -64 


40 24 34 -38 -62 15 -20 
27 -38 55 33 56 63 60 
-56 -3 -64 48 -43 34 -54 
48 19 36 11 45 27 -19 
-55 10 -60 -47 -57 -60 -63 
54 -16 -41 39 -61 59 -14 
4 2 -25 13 -52 -21 30 
-17 -21 -20 -26 28 4 -51 

63 -20 -7 -9 -46 35 -42 
-9 -7 -49 -41 53 -47 16 
-41 -15 -10 -42 30 47 13 
37 26 -23 -36 -45 -7 -12 
-36 39 -53 -13 -40 1 10 
49 22 31 22 -15 -55 51 
-45 -16 31 -17 -41 42 34 
31 -1 -1 16 -42 -33 -25 


-47 33 -31 46 32 45 29 
-60 -28 15 42 12 61 41 
-38 -27 -2 -20 -58 32 -38 
35 6 51 39 43 2 18 
-18 9 55 8 46 -11 52 
35 -8 -58 6 62 57 -19 
-30 -7 -21 16 -62 -30 -40 
16 -30 19 -13 26 25 57 

17 -14 -6 -5 35 -43 -64 
-41 38 3 45 -57 10 -5 
38 13 55 -8 -64 -15 51 
-9 0 -5 14 -26 62 -4 
52 -43 -49 27 35 -58 -45 
41 -5 63 -32 59 -5 47 
48 23 -51 37 45 -36 0 
25 18 -26 2 -51 -26 35 


-29 24 8 -34 63 44 12 
-64 10 37 18 -45 3 -37 
12 -44 -46 47 45 27 -51 
32 19 -11 32 -35 -38 -13 
48 6 40 -4 26 58 -21 
10 -10 59 -22 -55 -16 -53 
-34 38 18 -50 -20 -6 10 
-25 -2 -25 49 52 -29 -36 

-58 37 12 36 -13 -18 31 
41 -38 -52 6 57 43 -57 
44 7 25 50 -19 -27 22 
-15 29 14 -38 55 26 32 
7 21 -8 -13 -35 -47 -27 
-25 10 -2 24 -25 -52 50 
-57 -11 53 14 -54 -19 -62 
62 19 -25 -27 -34 37 61 


-41 -3 -1 -19 -34 51 22 
55 0 -62 30 -58 63 -21 
-10 -19 -36 14 42 27 59 
34 -16 25 25 48 28 -9 
-38 -2 -12 17 43 16 -33 
49 2 -26 20 50 63 -19 
-18 35 -18 9 -31 35 -38 
26 -2 -22 11 -64 16 -33 

-58 -24 -58 -21 43 24 -33 
36 -36 -7 -35 -29 -30 -5 
-56 14 17 -50 55 23 -6 
55 27 34 27 55 -37 57 
21 -20 -38 29 58 43 44 
35 27 37 26 -9 7 -11 
-52 -13 -7 33 31 19 -2 
51 16 13 22 -21 -14 -16 


-18 -30 28 8 -6 -26 -52 
40 3 5 -14 2 -22 -21 
-12 -16 40 34 18 5 -22 
-7 -10 -1 -31 57 -60 19 
-15 -11 60 37 37 37 7 
45 34 -30 -26 -40 33 7 
35 -44 35 -43 10 32 58 
-60 29 4 49 -1 38 -41 

10 45 -62 -14 33 61 -10 
-36 -31 61 40 34 -6 -4 
-52 43 -9 22 24 -7 -56 
-5 -18 62 23 15 59 0 
-9 -22 50 3 -43 -23 -39 
-47 37 -38 12 -44 -39 -29 
-17 5 2 39 47 -12 -22 
23 7 30 40 -20 56 -12 


-5 -23 -21 26 12 10 -38 
22 35 -4 14 61 -22 -7 
-27 5 -4 33 47 39 -5 
6 40 38 -35 11 -30 43 
41 -10 -7 -50 60 53 47 
-55 -20 -25 15 -43 -51 44 
-57 -14 -57 48 41 0 62 
-31 -38 -15 -22 6 24 58 

26 8 21 23 12 -3 58 
-41 0 -48 -34 29 -63 -5 
-5 -14 22 -43 58 -21 44 
8 12 -27 32 -52 -11 62 
43 29 -21 -26 -49 -63 -5 
32 -17 24 -23 59 61 -55 
37 -11 46 16 -46 -39 54 
27 37 38 -4 -44 -2 37 


11 -30 -26 11 11 12 -47 
5 -30 8 -21 -52 -1 26 
9 37 42 -44 -57 -48 31 
45 -20 -19 -14 14 53 29 
56 -28 30 1 -55 8 22 
59 19 -54 40 63 -8 -37 
38 -18 54 30 18 20 -32 
-22 18 19 -26 -27 29 -50 

14 42 -4 38 -26 63 -26 
49 15 6 -8 52 -26 27 
18 28 49 -32 6 -19 -57 
26 -12 -9 11 -60 62 -61 
-48 24 -11 35 -11 -26 -61 
13 -19 56 -25 34 -16 50 
28 -35 54 44 53 -21 15 
-27 -43 -23 50 3 -30 -38 


-34 7 -20 -16 17 -22 -40 
62 -26 15 -2 46 -47 -27 
17 34 51 47 -23 -32 -32 
-14 2 16 -15 41 -33 47 
38 21 -10 -8 -8 -23 -25 
-36 0 14 15 -61 -34 -64 
-55 9 25 48 -33 -49 -24 
-43 -41 -6 -14 23 -55 -63 

15 -1 -56 30 -23 -62 -25 
62 44 -16 42 10 -48 54 
58 10 -8 10 -55 0 -24 
23 -16 -43 21 -36 5 0 
33 9 7 28 -45 -64 -26 
44 -3 47 3 45 -60 -39 
23 -8 15 -8 -62 -41 -44 
26 -25 -63 6 37 48 -54 


-42 31 58 -30 55 44 -38 
-33 8 -16 37 8 -60 3 
-28 18 52 -6 -15 46 29 
-23 33 -56 8 -23 -8 -18 
8 -24 14 44 59 3 -25 
-19 -40 50 22 57 58 -33 
21 8 -18 -34 48 60 -54 
61 -15 33 -22 9 19 -63 

53 5 -27 32 -55 4 -54 
3 -24 -40 -16 35 -33 41 
-23 27 55 -34 -32 -35 62 
49 -3 49 -12 37 -55 37 
-20 -15 -60 21 -52 59 51 
-29 -13 13 -44 48 -2 9 
43 -1 -15 -40 49 -11 45 
3 13 -32 38 -64 45 58 


-60 33 10 43 31 45 39 
35 38 -7 6 34 42 -10 
-24 -14 -44 -20 -45 30 -41 
45 -23 -6 16 -49 51 -42 
-49 35 42 -9 -43 62 35 
25 -32 -11 6 9 47 -42 
5 1 14 20 -28 -8 -52 
-5 36 63 -44 -60 -12 27 

50 38 -25 15 -5 -61 -58 
-8 -26 59 -13 -53 -37 -51 
50 11 63 37 -15 -26 -12 
49 30 12 -23 -60 8 28 
-23 28 59 -37 -24 58 -64 
24 35 -19 9 1 57 50 
-6 -10 47 35 -45 42 62 
13 -29 49 -27 -58 -34 46 


-55 22 39 3 48 -39 14 
41 -5 5 -46 32 -7 7 
-33 10 -22 -24 -32 -47 43 
-56 -13 11 49 47 -48 -61 
59 -17 51 -38 57 -35 2 
20 1 38 28 52 -14 14 
-18 21 0 -23 -60 -13 3 
26 -37 -23 -18 28 -48 -53 

-19 15 -32 0 -51 26 13 
7 24 45 32 25 55 60 
-48 -21 -7 -2 58 25 62 
15 9 11 -42 -30 -8 55 
-39 -17 -18 -22 26 39 40 
35 2 17 -14 -52 -36 9 
62 17 -59 -41 -64 -13 1 
16 2 25 -12 -60 -22 38 


-61 7 60 -37 -23 10 -25 
38 32 47 -12 24 61 -40 
-45 -14 48 -42 57 44 -14 
57 21 -4 32 -11 -21 -44 
-51 32 -50 -32 -46 62 -9 
-36 -7 23 -43 -49 -45 53 
-24 40 -54 -10 9 -40 22 
-31 -7 34 -3 50 -7 18 

59 5 -35 46 62 30 -16 
-43 -40 -58 49 12 -18 57 
-30 -10 25 -35 59 55 -53 
-50 -24 -20 -29 1 -14 -44 
-52 42 41 -18 -32 2 12 
4 -1 -55 18 39 -10 54 
27 -42 -51 39 -64 54 -42 
-63 13 8 6 -52 17 -40 


-35 -4 -45 -21 -12 47 61 
-4 35 -34 -17 -64 27 63 
7 -27 40 36 33 60 -49 
56 -42 -20 -11 57 10 36 
-44 -23 6 27 15 -18 -1 
-6 -24 -15 -13 -2 29 40 
19 41 10 39 -46 -48 2 
63 -23 -18 -7 17 31 44 

58 -7 2 11 20 7 17 
-18 31 21 11 -50 48 19 
-43 43 -52 -48 -28 14 27 
57 -26 35 -25 -59 -7 50 
-16 -22 14 6 -42 26 22 
-9 -25 12 -16 13 -16 23 
33 -2 -63 -46 41 15 24 
-48 -4 20 7 35 -31 56 


-42 -23 -55 -1 51 51 -2 
-28 34 -45 4 8 28 31 
17 27 17 39 -60 26 -25 
-25 -22 29 12 -51 48 -48 
54 40 -22 7 3 60 -17 
-36 -3 54 3 39 20 -49 
-29 40 56 -39 16 -29 33 
-38 -31 -62 -10 30 56 57 

-11 -23 -36 32 -16 -23 17 
56 5 42 -44 36 -50 9 
55 14 37 -20 55 -63 -52 
21 13 47 13 -46 25 33 
7 22 22 -2 -28 -5 42 
52 4 -33 9 -47 -50 -41 
-45 -33 -48 26 53 38 -40 
6 12 -55 -6 -47 -24 -60 


-30 -26 -28 -20 -49 38 6 
-37 -13 4 41 29 -56 47 
-42 -13 22 -8 25 58 36 
63 44 31 -38 -33 -29 -61 
-47 3 30 -25 54 -11 31 
13 -28 38 12 -48 5 39 
-59 17 -48 -41 -44 47 -2 
35 16 -24 -15 52 -49 61 

57 29 -53 45 1 -10 -48 
-2 7 -63 46 -33 15 -11 
40 32 -22 33 -3 -11 14 
60 -21 51 -5 50 52 -23 
15 -17 4 -9 -48 46 -40 
-17 40 42 -20 -45 29 39 
-54 -28 -34 25 19 34 -48 
-60 20 36 -12 -3 15 32 


16 -13 -21 -12 -23 3 -61 
-21 39 49 -21 -18 34 18 
26 -4 4 -22 47 47 30 
-53 1 -59 -10 -23 54 34 
59 23 -42 21 -45 26 -64 
-52 43 -41 -41 -20 -36 14 
47 30 18 42 -10 40 0 
-55 30 -42 -43 9 -19 -19 

56 28 9 24 60 -42 -36 
-47 -22 6 20 56 29 25 
-39 -13 33 -47 -49 -21 41 
23 25 -12 40 -61 58 -4 
-61 10 30 -36 61 0 -19 
21 -45 -16 -19 44 36 -43 
9 2 0 12 -52 -34 40 
54 9 59 11 28 -21 56 


10 -20 -50 -47 -39 36 -46 
19 -32 51 33 -4 -63 9 
-25 -3 37 49 41 51 -62 
-59 10 -28 24 42 -41 -7 
-25 -5 38 14 56 11 -1 
-40 -12 -27 -35 63 9 53 
4 9 63 44 -60 37 -6 
-58 -46 -5 -34 7 32 -5 

-49 -22 9 -36 -61 44 54 
-22 -13 -42 12 28 -29 8 
-61 23 -44 -46 -63 30 -18 
-25 -40 -62 17 11 -40 -35 
34 -1 2 37 -42 22 55 
41 32 -18 -48 57 -16 33 
61 -16 58 31 47 -4 4 
6 -23 -16 -17 -55 30 0 


2 16 14 30 23 -25 1 
-36 -21 13 30 12 34 -44 
-35 -16 47 31 -63 -3 -2 
6 -11 -55 34 33 22 1 
57 24 -24 -42 -55 -41 54 
12 -33 16 -46 20 26 53 
12 10 -37 5 -30 3 27 
40 -8 -26 -12 23 54 7 

20 -18 45 -43 -13 9 7 
-42 -22 42 -14 -42 -39 -13 
24 36 63 -20 -45 44 2 
-19 -8 21 3 35 -1 53 
-54 20 -12 34 -7 -13 -50 
-11 -16 -10 34 41 -53 -27 
-21 27 17 -11 -17 -59 -41 
-20 16 -4 33 -63 50 4 


-2 -26 -18 36 44 3 2 
40 38 -18 41 5 55 -38 
26 4 -5 -40 42 41 61 
13 12 -2 -10 -14 45 -33 
-13 -45 -10 -50 23 49 -26 
17 28 -26 -33 -24 36 21 
38 -33 -10 -39 -14 44 -25 
-2 20 -19 -48 -16 19 -17 

26 -34 -7 -21 -61 19 34 
35 12 -9 -20 -61 -30 -18 
22 -20 -1 -15 10 57 28 
56 36 -7 27 -16 49 -57 
2 26 -29 -40 -57 35 9 
27 17 52 19 -11 -18 -18 
-55 29 14 11 -9 49 36 
25 -8 -60 -12 -55 56 -57 


20 -27 -41 38 27 50 50 
2 1 2 26 -35 -64 24 
15 -26 23 -29 12 46 -55 
-56 10 57 10 -52 -4 -28 
10 5 -29 -39 44 59 -3 
19 -22 -35 27 52 -42 -26 
-42 -17 -15 32 53 20 58 
-61 -1 41 23 41 -58 -14 

41 -24 44 -37 63 34 13 
58 10 43 1 3 29 -1 
-25 33 59 -47 -55 40 -20 
-23 -4 61 -29 -57 40 36 
-8 41 6 31 10 2 48 
-64 18 10 -23 -49 7 12 
33 15 -9 -39 -7 61 56 
30 -36 24 30 47 -29 -56 


-9 -16 -55 -19 61 -13 3 
-4 -28 -13 -32 -7 -15 54 
-11 -26 36 44 22 45 -38 
-53 -11 -14 7 26 37 40 
-41 27 21 12 -63 -7 -7 
-13 -15 5 -1 38 55 -58 
-35 37 -29 -12 1 57 -63 
-31 -3 -21 21 46 48 -44 

36 10 -28 -24 -32 -12 17 
-50 -44 -5 -50 45 2 -26 
20 -31 29 -8 43 -63 32 
-45 -42 30 -31 -22 -39 -17 
24 -25 19 -20 8 -16 36 
0 28 46 19 50 12 52 
2 -14 -6 -38 25 -51 6 
20 39 -38 -43 3 -55 40 


-50 -15 -33 -41 22 -33 63 
-1 5 -15 -42 11 21 -3 
-3 12 -57 11 61 -26 35 
51 -44 12 -14 26 62 8 
25 16 -59 -42 -36 -52 34 
-29 -23 24 -42 -2 -28 8 
-54 24 -12 35 -24 -7 57 
50 7 34 -43 49 -6 -21 

25 36 -32 -45 9 -46 -51 
-28 1 -3 36 4 -51 23 
19 6 34 -20 -22 -62 -1 
-27 19 -59 9 -44 3 -19 
-39 -13 5 44 57 -25 -40 
-40 -30 -48 -3 53 -43 -57 
4 6 27 29 57 -32 9 
-17 30 51 7 -63 -61 -60 


52 -22 -62 49 -42 -3 -17 
54 -11 25 -11 -24 56 16 
51 -20 57 39 22 59 24 
-34 -35 34 -43 18 -4 10 
9 -11 12 -4 33 5 -29 
51 28 -5 -46 57 -35 -25 
46 9 -27 -9 62 49 52 
49 -41 48 37 51 -21 55 

-24 0 17 48 -27 4 30 
38 -21 -30 -36 41 56 15 
44 -7 -57 -44 57 25 -60 
59 -12 -38 33 32 -3 61 
-9 1 60 -29 58 -61 -9 
12 25 49 7 -50 -52 -24 
31 -10 -41 -42 55 -45 -7 
45 8 -34 -7 -30 -49 -64 


0 -9 -28 -42 -14 -20 11 
-37 -9 -28 41 -23 17 -46 
-42 2 35 22 58 -56 45 
57 25 -28 -44 -48 8 61 
-34 -18 8 -12 49 -21 -54 
17 -28 21 11 61 57 31 
-1 -4 16 29 42 -40 -47 
31 3 -54 -16 39 31 59 

40 -10 -4 -43 -49 36 58 
24 10 -1 38 -6 31 16 
-20 -12 -8 -44 42 52 -23 
-7 -39 -48 -47 35 15 56 
43 -13 55 -41 39 -16 -20 
-51 2 29 7 27 45 24 
27 4 -37 6 55 -45 30 
37 25 27 50 -37 -8 -7 


-63 15 62 23 -19 42 26 
-18 28 -39 7 44 5 -15 
27 37 -7 28 -12 -9 -12 
38 -16 8 -44 -52 33 27 
36 25 28 0 -1 -43 -36 
-7 -42 -14 -33 6 59 -12 
48 -8 34 21 -46 -2 -43 
-49 33 -24 9 55 27 40 

23 -24 -23 43 -37 56 -28 
-33 6 -48 37 55 -3 30 
34 -30 -50 -7 10 -9 -28 
57 -25 -52 -40 45 -36 61 
51 13 16 21 47 31 -50 
19 28 -49 12 -61 -36 36 
17 19 -15 4 -32 -62 -38 
-2 22 -36 -47 -14 -20 29 


19 42 -47 -27 -5 -38 17 
51 1 -55 -15 -7 -55 27 
52 4 -25 7 -18 -8 44 
45 6 -49 32 -57 -40 -47 
-8 -10 31 -20 58 -58 51 
-2 21 -7 -20 -37 8 -52 
33 41 51 -38 -33 18 6 
-22 -10 6 40 -53 -64 -44 

53 25 60 42 1 -51 6 
14 -2 50 50 25 23 29 
41 19 -3 30 -20 -7 8 
0 -31 44 -49 31 31 -63 
-23 -1 31 -46 -46 -36 49 
-30 32 -34 35 -62 -54 50 
-38 25 -6 3 -40 -39 21 
-25 8 -31 9 -23 -1 -20 


-64 -41 -33 41 -8 29 12 
10 16 46 18 46 57 20 
30 12 -2 30 36 29 8 
57 -23 1 3 57 -17 -43 
17 31 5 -16 -21 -61 -50 
-28 13 -14 -35 54 51 32 
-54 -16 55 27 -49 -4 -53 
-5 27 -12 31 -24 38 60 

53 13 13 35 48 7 12 
-2 -41 39 18 -46 -50 12 
-36 -5 -44 -47 -56 34 52 
40 -24 41 -26 -1 17 56 
-49 32 22 -20 -37 43 -3 
48 -30 54 24 10 31 62 
-5 -1 -38 10 -33 48 54 
-33 25 28 -49 59 18 39 


-62 18 54 -10 -46 -8 -61 
-25 19 6 -27 -43 43 -43 
36 16 -57 38 -30 61 -35 
-20 4 -46 19 -41 24 56 
-15 -41 21 -43 39 28 59 
-47 -36 -60 -3 32 -42 -48 
-10 -4 -39 39 19 46 60 
-15 9 -18 3 37 -14 -64 

-9 13 2 46 -23 33 -8 
36 1 -39 20 -20 48 48 
-12 -11 -32 44 -61 35 26 
-20 3 -51 -48 -60 -26 36 
-54 25 -40 -2 -50 -7 -22 
55 46 -56 -28 -14 -42 -12 
-5 10 56 5 -29 -48 -61 
5 9 -47 -3 -9 -39 33 


-20 -26 58 -47 26 -51 61 
24 10 -57 1 -37 -33 -58 
-40 14 -34 4 52 -40 21 
21 -9 -29 -19 -63 -22 46 
22 -36 -29 46 42 1 -14 
15 -5 17 -28 51 52 17 
41 30 34 0 58 -58 -18 
-31 2 -48 48 62 33 -44 

-31 -23 -49 2 -58 22 49 
-39 -9 -9 36 21 49 -55 
15 -26 18 48 15 33 -14 
-35 9 52 -10 -63 -21 -38 
31 26 -57 -18 -64 26 -34 
52 -33 -1 -47 40 -13 8 
36 7 33 3 -31 40 49 
49 21 37 37 52 -28 55 


-25 12 43 1 43 9 -7 
41 -17 1 29 -23 34 -21 
48 16 -57 -41 -36 50 24 
17 -24 -54 -6 23 11 -41 
-29 39 21 -45 -9 28 -22 
-46 20 14 35 60 25 -34 
9 -28 -11 44 -53 -54 63 
-1 0 -51 18 -44 27 -11 

-7 13 -18 49 8 40 24 
-8 9 42 47 -20 -6 -19 
-57 -5 -46 1 -56 0 -14 
-64 -19 2 -8 55 -20 -24 
19 14 -62 27 -54 -44 -36 
20 -28 -11 20 18 56 -51 
2 39 -23 -42 -11 -21 49 
-47 -12 19 37 25 -55 -7 


0 -19 -36 48 10 -8 -57 
-47 -27 -49 -4 -45 14 -57 
18 2 26 -46 47 55 -61 
11 -9 42 28 28 57 -39 
-46 -29 56 36 37 18 55 
33 10 56 -20 -63 34 -55 
-18 -10 62 0 25 54 -28 
-53 -39 -52 44 35 -60 -39 

-32 -6 -4 -12 34 49 27 
-63 5 19 13 -58 -17 -7 
-6 -17 -54 26 41 6 -50 
48 7 -32 49 -52 51 -1 
21 9 58 -49 56 -60 41 
30 27 -30 14 -30 2 -1 
-2 9 -37 -45 -46 -43 -30 
37 38 -30 3 1 4 -47 


-1 8 -12 -45 20 55 27 
-20 -14 -62 14 57 -14 31 
15 41 40 -50 -15 -36 -31 
38 -2 -55 -46 48 -53 32 
26 -34 27 -23 -57 3 -8 
10 -38 1 -15 24 11 3 
45 17 -41 7 47 50 48 
-58 24 -42 17 50 23 -62 

41 5 8 -24 -50 57 51 
-13 -38 -18 -21 -63 -16 -46 
-59 -45 60 46 24 4 -42 
41 -2 -1 -35 24 45 8 
-8 31 25 -3 50 22 -21 
8 22 -28 -14 -44 35 15 
54 -11 -24 -18 -44 -62 43 
11 -30 5 -45 57 41 5 


62 27 28 42 -38 59 60 
-6 3 -31 5 -41 17 43 
49 -29 -57 48 62 35 26 
-37 5 -2 21 -56 31 -38 
-22 -12 59 -36 23 -61 -52 
-57 32 -27 -30 -26 35 55 
47 39 39 -39 -37 35 -11 
-46 36 -49 -39 4 -12 -5 

17 34 13 35 25 -31 49 
15 10 9 -5 -17 36 17 
-40 31 22 41 1 -28 13 
-33 -15 -58 47 59 15 -22 
22 38 38 46 5 -4 24 
-18 3 -47 14 52 -41 -3 
50 38 1 8 12 -25 -9 
42 -41 -14 -39 26 3 39 


9 11 33 -18 17 31 40 
40 36 61 -43 -25 47 -51 
58 -16 -29 3 59 -60 49 
-7 -4 33 -31 -32 30 -10 
-18 30 58 -23 -50 -35 44 
-12 3 49 45 63 18 -50 
-61 25 15 -15 -9 9 26 
-53 28 -38 -1 -33 -53 -20 

18 13 -14 29 -55 -16 37 
15 -7 -49 -8 -24 -52 -22 
12 35 25 -33 -16 -53 60 
8 13 3 -41 -58 18 16 
-55 -31 30 22 -60 -9 53 
-33 -16 4 39 61 -57 63 
6 38 7 15 -57 -27 -27 
-34 29 -6 -2 -51 62 -27 


