7 3

17 33 -16 3 -29 27 -28 
-20 -18 -33 -5 55 -16 -33 
9 -10 -45 -9 48 -64 20 

21 44 59 -43 48 59 22 
-16 -16 23 28 30 54 -41 
62 6 -59 19 44 -5 20 


5 2 3 -32 27 -20 -61 
0 -38 -56 13 2 -21 -26 
29 -7 61 -46 -5 5 -46 

-51 -24 -29 24 24 26 25 
-21 -25 -50 10 10 -8 -18 
-1 -32 -20 -40 60 -37 -33 


18 42 -46 -41 -11 -33 -40 
1 -24 -61 11 -29 52 57 
-46 26 -16 -30 9 -35 9 

-44 -27 -6 -12 -50 62 61 
-19 5 -3 46 46 0 -7 
-46 35 39 -1 -23 -28 -19 


14 1 54 44 -40 -61 50 
11 -10 -39 45 -64 -57 29 
3 -34 31 36 33 37 49 

-24 -9 -28 32 -4 -17 59 
-15 -35 -51 20 41 -47 3 
-45 39 21 44 28 38 46 


-7 -19 -45 45 -28 -16 -46 
17 -1 26 -46 -52 10 58 
5 -27 -5 -32 -58 60 -23 

31 18 -2 -40 63 17 -59 
-35 3 19 28 -39 9 6 
-42 18 -8 -17 13 6 -14 
