7 8

-55 -22 -49 20 -5 -59 -1 
32 17 23 -32 -56 28 59 
12 -11 47 19 54 30 -25 
6 -11 -21 -45 43 -38 38 
56 -24 38 -34 -31 34 -53 
-33 26 38 27 6 51 -55 
60 -26 -19 11 -1 48 2 
49 34 -36 -33 4 31 -62 

-54 -33 -14 -22 -7 40 -33 
-33 -12 -53 -10 -26 -39 17 
61 -41 30 -50 22 48 -59 
35 -17 -2 33 6 -35 47 
18 -30 9 10 10 -17 41 
-25 -14 -56 -19 21 0 -7 
-54 -4 37 -22 8 2 20 
-19 -15 14 -6 10 -53 32 


22 24 -10 -20 29 25 43 
-21 -27 37 46 -5 7 34 
-24 22 61 35 -4 -31 9 
58 1 59 -40 -57 25 -47 
23 -19 -58 -3 25 -41 -32 
-14 -36 -25 -16 -13 -22 -56 
-13 31 -4 29 -24 27 -32 
41 45 -17 33 -26 -59 -48 

-50 -14 -23 -28 56 42 -24 
47 -9 55 45 31 50 -35 
-9 -33 -35 -39 24 -13 30 
-43 -6 21 -49 59 16 -25 
42 -29 19 -18 -1 -32 -62 
-32 -31 -49 -35 -45 -29 -10 
52 -22 31 -2 2 25 -17 
30 9 -50 18 28 -43 -61 


-16 7 -37 33 -38 -32 58 
-25 -34 30 45 -59 54 -42 
-8 -28 29 40 20 51 6 
-9 25 41 -1 7 62 59 
4 -23 -13 -37 12 -10 29 
10 -17 0 32 62 21 -31 
39 -27 -27 -36 56 -40 -2 
20 16 -25 -5 53 12 24 

-7 25 42 -12 10 -13 -62 
43 -1 -54 25 29 32 45 
-43 3 -49 26 57 -36 -30 
54 -14 -63 -5 33 -34 -37 
-42 14 -43 1 -51 -49 31 
-57 18 37 -1 -4 33 -60 
-46 -17 -39 26 44 -39 61 
-63 8 23 41 38 -13 43 


16 13 28 -3 43 -44 -17 
-38 -22 45 16 34 32 45 
8 -6 -39 -32 52 8 52 
-47 -1 53 -34 -42 28 61 
-55 37 49 -30 8 16 -62 
42 32 -45 14 -26 2 -23 
-51 -14 47 -50 27 -25 -9 
-13 -25 41 -17 10 -42 63 

55 -9 25 22 24 60 25 
16 0 41 -23 38 -38 7 
-40 35 30 32 -35 55 -63 
53 -41 15 -9 61 -47 53 
-7 42 33 29 -64 33 39 
21 -21 -33 0 -53 -14 -50 
5 3 -62 32 24 -32 -63 
47 37 53 -17 -3 43 32 


-14 21 -3 40 60 -59 14 
35 30 -42 9 35 -58 37 
31 -28 28 -4 14 -53 0 
23 -18 -25 -46 -11 -49 -1 
34 -21 33 -8 9 40 22 
-45 -4 51 38 -64 37 37 
-51 -2 54 -17 5 46 -4 
-26 -37 10 1 -23 22 36 

31 19 2 -39 60 -16 -29 
44 22 41 -4 -35 47 -58 
37 -30 23 -13 -62 -21 -45 
-41 24 -27 9 -63 20 -11 
50 -6 -1 25 0 41 32 
-29 26 -25 -24 -40 3 -20 
50 -17 -52 -5 -42 -50 -42 
-45 -32 -47 0 -59 -2 24 


0 -2 21 -29 1 54 31 
41 38 51 -44 -27 10 -23 
60 -24 9 -46 -29 -39 56 
-26 5 0 -18 -6 55 16 
-8 36 -51 -47 -38 -20 31 
-29 -25 24 27 -52 37 44 
-11 30 -11 40 -60 -33 36 
-32 -33 -2 -8 2 -32 -51 

59 -24 -35 -5 38 50 30 
12 -4 54 -38 31 -19 52 
13 -30 35 -9 -55 22 11 
11 26 -7 -48 -23 -63 14 
-46 32 -13 29 -6 45 45 
8 -29 60 26 -61 -16 -9 
-26 5 -25 27 -29 28 3 
-60 -4 -47 -28 28 16 28 


0 2 14 -44 -25 -60 15 
9 13 34 -34 55 36 -1 
10 -33 -32 5 7 41 50 
-58 -22 -7 43 6 51 17 
50 -15 43 5 24 37 -22 
-34 28 18 39 57 -8 56 
-8 23 -52 -1 28 -41 40 
22 23 -56 4 -42 -37 -13 

-14 -15 15 -48 -36 -25 -17 
4 -17 -31 40 22 -24 -53 
-33 31 -43 -22 24 -20 14 
-11 -5 6 -43 3 -42 -39 
-27 12 -3 -13 9 24 -16 
7 -33 -17 -35 -19 -57 24 
-59 -36 6 2 8 -44 -8 
19 34 56 -24 -51 31 -61 


-44 5 -11 28 31 -50 -15 
57 37 19 2 -45 -12 58 
5 -13 -13 9 60 35 50 
-13 23 -57 47 40 32 -45 
-25 33 32 26 -8 39 9 
63 -3 -64 46 34 29 21 
50 -36 -12 -24 15 10 -34 
-27 -32 -3 -33 33 10 -24 

-47 -26 54 -2 -22 57 -62 
-28 10 8 29 51 45 -6 
-48 27 57 -41 1 -7 -39 
-36 17 45 -7 11 -24 21 
-17 9 -1 -34 9 44 63 
-45 25 -35 -10 -13 -53 -23 
-49 -7 60 -40 -36 -2 -28 
-16 -18 53 -1 17 -2 33 


-9 24 0 25 41 41 -4 
32 16 -31 44 12 28 44 
-46 18 -56 -21 50 -53 -32 
-28 18 35 -9 15 -56 30 
-57 8 33 -18 -57 -16 15 
5 -35 -53 12 35 -41 40 
-11 11 -5 -25 41 -2 -27 
63 -37 -18 -25 31 -44 31 

-48 -26 -48 -20 -64 -12 -36 
24 17 24 -11 -48 -40 -9 
7 3 -43 -37 -48 39 -10 
-3 17 25 45 28 38 -53 
-41 14 24 -28 33 62 15 
57 24 -7 13 -33 53 -24 
53 -17 -48 -13 25 34 -7 
19 39 61 -40 48 0 28 


1 -12 5 -34 12 -31 35 
-27 -10 -58 -21 4 45 -4 
49 -39 -34 36 -33 -3 5 
-16 19 13 11 6 -48 18 
-58 -3 24 -45 38 40 17 
-6 -28 -6 18 46 42 21 
-5 17 61 15 18 15 -43 
11 24 50 -1 13 -32 32 

63 -12 -19 -21 2 -55 -20 
6 -1 27 -32 -25 35 -1 
-42 30 -34 -1 -56 1 23 
-50 -13 -33 37 0 23 -60 
43 -23 -40 -2 46 -54 -33 
32 36 42 -42 -40 -3 -24 
-47 -17 -45 12 -64 -48 -37 
30 28 41 -23 -12 27 41 


37 11 60 45 -30 -58 51 
5 -21 -54 47 -27 -38 41 
-22 40 -45 -40 32 24 6 
-19 44 -52 -35 27 -21 23 
22 -28 11 -28 24 -24 1 
53 6 30 -29 14 -55 26 
54 -31 23 -8 -35 -29 25 
-5 -31 27 -40 -41 58 44 

60 -25 8 33 50 4 14 
-62 22 -18 -49 59 54 -47 
6 -29 -63 17 -42 33 -17 
-6 37 -47 -16 -27 -56 -5 
21 -1 -39 -32 -41 29 6 
56 20 -49 11 57 -15 4 
6 15 35 43 -27 48 -37 
11 22 -37 25 -36 40 -18 


44 6 21 47 -33 23 -26 
-26 3 -9 49 -23 -64 -18 
-16 -22 15 49 -15 -50 12 
-2 -28 51 46 14 3 31 
-47 23 -58 -3 -15 -31 -28 
-61 17 -2 -29 30 -42 -35 
4 29 -1 18 -20 45 -23 
35 38 35 -19 -33 -21 -47 

14 26 -63 0 -47 60 53 
41 37 -64 -24 -45 -11 13 
60 19 -15 24 37 59 22 
-20 26 -37 39 -25 -22 -33 
45 -34 23 6 42 -38 39 
55 17 -7 -14 -36 -38 10 
-14 40 -55 -28 56 -46 -46 
-18 3 52 -47 -23 23 -2 


55 -16 -63 34 -51 -26 -4 
-25 -30 -38 -34 18 -37 -64 
-43 3 44 33 51 -9 -57 
-28 23 -3 -41 -29 2 -54 
-2 20 44 34 -21 -22 58 
-53 4 -57 23 27 31 48 
-30 44 31 -38 28 -17 51 
-26 -27 -64 -26 23 -14 -53 

-45 -17 -25 47 29 33 28 
-63 23 -59 -24 57 -33 7 
-27 0 50 22 42 -36 30 
47 9 61 -38 62 -14 -9 
49 -34 21 -18 43 22 -23 
-7 -32 1 5 36 9 -36 
-42 -32 26 -8 -52 -6 19 
-30 -34 -16 -34 26 -8 63 


-28 -25 -25 36 51 54 51 
59 37 13 19 -37 20 -7 
54 21 30 -35 22 27 50 
37 -18 -12 -21 37 -49 0 
50 -30 33 -27 0 38 44 
-13 -17 -36 -33 29 26 18 
17 19 -8 5 -34 -49 45 
59 20 -18 -7 -17 -10 -29 

-54 -36 5 -34 38 9 -49 
-19 -28 -61 -10 -17 39 -47 
44 15 0 38 -5 60 17 
-31 32 -14 14 -49 17 -14 
-53 34 25 -1 -15 41 -57 
52 11 22 -24 58 51 7 
-32 0 -19 37 -33 -28 -3 
24 41 37 -43 2 21 -57 


10 14 -51 -17 24 52 13 
46 41 44 -15 19 50 -48 
-33 15 -1 32 -50 -58 -22 
58 -16 -11 -23 22 61 -43 
28 -37 58 22 -44 13 3 
-47 18 35 1 39 0 27 
52 -15 -60 -17 52 42 60 
20 25 -59 40 -17 58 8 

8 25 -61 -29 -43 -30 -45 
-55 22 -4 -34 -20 16 58 
-42 17 0 48 -4 62 5 
43 -34 -33 -17 51 22 -33 
-47 -1 23 -34 54 30 -48 
21 -33 -25 47 27 12 -16 
54 -24 38 47 4 33 58 
36 27 61 -31 10 -13 18 


46 20 -54 -33 32 -14 -25 
-32 -19 -30 -15 -55 41 -35 
-3 -30 34 27 -61 -44 -5 
-12 29 -11 49 -64 -41 12 
8 -23 -29 -47 34 29 -62 
-61 33 -25 -38 47 -54 -16 
16 37 -27 12 4 -60 -53 
-44 -35 -62 1 52 63 23 

-51 -27 50 -11 -46 22 42 
8 -12 -19 40 33 15 -39 
1 -17 -27 -1 -49 -32 -61 
-61 -21 -57 4 27 -19 -61 
-22 37 -43 -33 -44 15 -49 
17 -18 55 -10 9 -13 17 
-44 -28 -12 27 -20 36 38 
-20 -38 -63 36 0 -22 -13 


50 28 -31 -41 -21 -61 -3 
-42 -8 -46 -34 -30 -59 -54 
-3 -28 -10 -46 -15 55 -38 
32 -6 20 49 -29 25 60 
-5 -38 24 47 -49 18 6 
-12 -3 5 43 11 -46 -38 
-26 17 -44 16 -30 -2 12 
28 13 12 -46 49 41 16 

-40 -18 -12 -4 -42 10 33 
31 9 3 -45 37 33 -14 
-51 19 -39 47 20 -62 6 
29 -19 -2 -39 44 16 60 
-12 34 -33 -9 7 -47 -60 
57 25 -20 32 -60 -22 -32 
29 17 23 31 -48 44 -62 
-31 -39 17 -16 -48 46 -64 


-2 31 31 -7 61 30 -60 
-57 36 16 19 -14 47 -53 
54 -19 -27 44 61 31 55 
21 28 -40 -43 -23 -62 53 
-34 23 31 7 -33 -14 56 
17 -4 -34 21 -17 -31 -64 
-24 -2 -28 39 -46 -41 -56 
16 14 -14 22 21 47 -39 

-29 -26 -20 47 45 51 60 
-11 -37 60 30 -28 -17 7 
-13 0 18 30 -17 -41 -48 
-6 36 -14 13 -12 61 -18 
-40 41 61 -9 0 28 62 
44 34 -14 23 -40 -40 19 
13 25 19 43 -37 -57 30 
41 5 49 23 41 3 58 


-43 -45 2 -17 34 -6 -18 
22 3 -11 24 15 -63 6 
32 -37 -26 -1 47 -7 -8 
30 -36 -45 -47 41 -17 -36 
-12 44 33 37 -37 45 -44 
-11 -26 58 -6 -44 -47 19 
-3 37 1 30 -3 15 48 
-27 -14 -4 -1 -44 -54 -25 

44 -19 25 45 8 -14 34 
-33 -21 54 16 9 -53 -59 
14 -23 2 37 54 -43 -7 
62 -37 -34 28 -9 -15 45 
38 -41 -33 41 50 -40 -52 
5 -44 -51 26 6 51 -64 
-12 35 -60 4 62 -20 3 
-39 -21 15 14 5 -8 62 


32 17 -15 -6 25 -49 -42 
8 -41 -58 28 15 -43 51 
-42 33 -46 -26 36 -54 -9 
36 -41 -9 -16 -12 26 -50 
-12 28 -42 -31 -22 -16 -39 
-47 28 -49 5 2 40 35 
48 -3 17 27 1 32 23 
-30 -19 53 5 -7 -12 39 

11 12 -13 18 -42 -50 0 
57 45 -4 46 8 61 -16 
-47 35 25 -39 29 -45 -38 
-11 22 -59 -44 38 -42 39 
-53 19 -29 6 40 47 -40 
-8 -20 -42 -8 30 42 13 
12 10 -56 18 -10 47 9 
-12 -28 -54 36 45 4 -42 


-50 11 53 -45 -61 -37 12 
23 42 -24 17 -61 -20 -22 
37 7 48 -48 29 34 52 
-22 24 -58 37 16 -58 -18 
43 -25 -52 -13 50 17 -24 
-14 -36 0 -9 -32 -42 -25 
43 -18 -31 1 -33 -24 -38 
-37 -27 -32 -26 6 -26 -53 

-42 -22 -56 -27 54 61 -8 
31 9 27 -24 62 -58 -28 
61 -3 24 -39 -46 37 61 
51 5 53 -42 34 -18 -34 
57 -19 -32 6 -13 -8 56 
54 44 21 25 41 -33 -11 
62 -18 -24 0 -34 -33 -32 
-31 -25 -49 -12 49 -36 -6 


-43 -6 2 49 -39 8 1 
-60 -16 1 -39 43 -61 -53 
42 19 -47 46 -33 30 -44 
-13 16 24 13 56 -25 -11 
-27 16 18 -3 12 -56 31 
42 25 -43 11 -34 1 12 
-3 15 -58 39 32 -44 -63 
-16 -31 -27 -7 -34 42 20 

-31 -17 62 -42 20 32 -8 
40 15 -50 45 63 16 -58 
60 7 10 -12 -59 -61 6 
-9 32 2 -4 60 -27 -23 
47 -17 -6 17 -58 42 55 
-61 5 56 46 -34 -50 -7 
1 10 -51 16 -38 -6 -36 
-40 -31 -62 8 2 -25 -63 


-43 -41 62 10 19 -60 -37 
-10 -27 47 3 18 57 -36 
-38 2 61 17 39 44 -44 
-49 7 -3 45 50 -63 21 
61 -42 -48 19 -12 -19 14 
-34 11 50 22 34 21 44 
57 -27 27 -6 18 62 25 
31 24 61 -7 16 44 -21 

4 12 -2 -50 48 1 50 
44 40 -33 30 22 29 -2 
-28 -19 2 -50 1 -14 -31 
11 41 31 41 57 -39 -31 
29 -25 -46 -45 12 -21 -5 
59 35 -43 -30 -57 -42 39 
-23 35 -27 45 18 -19 19 
41 8 17 -27 -49 48 -42 


28 -2 51 50 9 33 37 
20 2 -56 19 29 -27 -53 
21 -28 -21 -11 62 -47 26 
47 -42 -11 -22 17 -38 -35 
-48 19 27 -3 -7 56 -33 
54 21 45 -26 -7 51 41 
-62 -16 48 -32 46 -8 -36 
-35 -17 -27 17 57 40 -27 

-7 19 -1 -50 -34 -17 -7 
-17 -25 -42 -12 -50 -10 -18 
8 -19 31 19 21 40 -24 
-19 38 -35 34 54 -22 -46 
9 -27 2 -6 58 -5 20 
-54 28 -16 -45 -44 30 21 
15 34 -63 -18 9 62 -5 
-49 0 21 32 -47 56 44 


-41 -34 -16 -21 44 -47 -43 
31 23 -38 41 56 -56 -35 
-4 -25 -1 -44 55 -58 40 
-3 35 0 31 37 -44 -52 
-4 18 48 37 -23 -59 -18 
43 13 -61 11 13 53 -27 
-63 -7 -19 29 -60 -10 23 
34 37 -4 14 -18 30 -5 

-61 20 20 48 21 -14 -37 
2 3 61 -31 -38 -41 -53 
-3 11 -61 -44 28 -9 40 
15 -28 13 41 28 -16 -30 
-53 17 -43 8 -29 -59 -19 
50 -3 -60 47 -46 14 12 
15 10 54 14 60 29 0 
-17 -18 -58 -11 -13 -23 -39 


-46 -25 53 -15 8 15 -64 
9 -31 33 -32 -30 20 36 
6 -31 16 -4 -55 -37 -36 
52 -24 -64 2 -63 -31 -23 
-62 30 -28 41 62 42 -4 
-5 -35 -49 32 21 -21 -18 
-31 -12 40 -16 4 9 -57 
46 36 15 24 -11 41 -46 

-40 -17 -60 -37 -8 -31 -21 
-1 -14 -21 18 -11 10 -10 
52 26 -17 30 -34 32 -7 
35 -33 32 23 45 -19 56 
-7 26 -35 -42 32 -11 -52 
-18 -35 -3 -15 59 33 -38 
5 16 54 38 -60 31 -42 
1 -12 28 -17 -40 -20 -57 


43 42 24 45 40 -49 25 
44 9 -45 21 -41 -24 15 
-39 12 -52 49 -61 8 -13 
-38 -2 25 -38 -46 -55 11 
37 -45 6 -35 -16 31 47 
3 -16 10 24 38 -40 -25 
18 16 -47 10 -34 -54 26 
37 18 -58 46 -38 -10 34 

-50 -44 -54 28 -23 -28 5 
-25 22 8 44 -6 -7 -7 
-22 -4 -37 -27 19 -19 24 
-44 10 25 -33 -45 -24 -23 
-38 14 23 0 21 -44 54 
32 -17 -35 13 19 5 -31 
15 39 13 31 -33 21 -49 
-47 -19 -35 3 -10 -61 -56 


-52 -28 7 -24 -16 8 21 
-29 -41 -33 -38 -60 57 55 
53 -18 -59 49 20 18 57 
-18 34 -42 15 62 30 -26 
23 -2 5 32 3 20 -22 
8 -10 -47 -33 52 22 63 
2 32 -55 -31 36 32 -39 
18 36 -38 8 -28 16 57 

37 27 19 36 13 16 40 
3 -2 -17 22 -34 -25 -27 
-59 9 -64 41 -61 56 3 
-26 9 13 -44 38 -12 -32 
36 -10 -50 -27 9 -21 1 
-9 -21 -23 -3 26 34 -48 
10 25 17 8 53 45 9 
-22 -18 -64 -11 23 7 -16 


29 26 9 31 44 43 -49 
58 28 -6 34 7 -5 -29 
-26 -3 29 28 -20 -35 -47 
-59 0 -19 23 22 -64 62 
37 -11 -58 -14 -36 2 39 
-13 -27 8 37 63 54 -36 
4 25 11 1 16 -52 52 
22 38 7 3 19 -34 13 

14 -12 -54 29 -39 -46 -38 
57 34 33 19 23 59 8 
-51 36 35 -25 13 -7 3 
-14 31 63 -9 -33 -19 -49 
3 -22 38 44 48 59 -42 
-46 37 25 40 48 51 -64 
-57 -42 -52 19 -61 -8 -21 
33 35 -28 -8 10 43 59 


15 28 20 -32 -30 12 6 
-13 -30 19 -36 53 57 28 
-52 31 -60 6 -36 -37 -61 
46 -6 55 -35 -19 -57 57 
-31 14 -6 -27 -28 24 -13 
51 25 -8 -36 -8 -29 1 
-60 -7 51 -39 49 1 -26 
-31 -8 36 -27 49 24 -1 

24 2 -54 33 -12 20 21 
51 6 -40 17 38 52 -18 
-18 -7 -35 -15 22 57 -49 
-11 -14 -5 -38 -20 -46 -34 
29 -18 4 -15 -58 -49 22 
14 -1 53 -21 3 57 -22 
-1 23 25 -8 -42 -64 -27 
-34 -19 -1 20 29 -40 -32 


38 -18 50 33 -8 37 24 
-27 -27 60 -19 -1 51 10 
2 -30 -44 -27 21 16 35 
41 -30 -1 -36 21 -23 8 
48 -17 0 10 30 -7 -21 
7 -3 -5 22 -62 -24 -61 
19 2 -13 -37 14 35 -43 
16 20 -10 -2 -57 18 6 

3 13 -57 -36 -13 58 -8 
48 45 0 39 31 10 -56 
57 -34 2 -50 51 5 -9 
-26 22 -61 43 7 53 -21 
39 -21 -15 31 39 58 -21 
1 -37 56 21 14 -5 53 
-20 5 62 15 -40 31 -47 
-56 6 -33 -26 13 27 -52 


46 -34 39 46 -61 -27 -13 
-27 -39 33 3 -42 11 -21 
49 42 25 -46 49 15 38 
1 -18 -6 -42 -22 34 -26 
21 -41 -10 -5 -57 -7 37 
11 -8 -20 49 30 16 -45 
25 -4 -30 -46 -23 -44 46 
43 8 -30 -42 62 46 -12 

-62 -10 -2 41 -61 29 -44 
-19 -24 26 -17 31 -39 -40 
24 8 6 32 -63 42 -1 
9 -10 -34 -39 52 -43 -29 
30 -28 28 17 53 38 12 
56 15 47 13 -54 -22 -15 
-53 1 -8 36 35 16 27 
-9 -19 34 -25 4 22 40 


-25 -31 -64 48 10 -17 30 
-35 -37 -16 -14 51 -52 18 
-21 4 -26 -22 -63 -58 6 
50 -18 -14 48 -45 39 -21 
45 -32 1 -32 16 32 -21 
-35 35 16 41 45 -6 -21 
19 -3 -6 -34 -54 6 -20 
41 35 -32 22 46 31 32 

-19 4 21 -25 49 42 -44 
11 -36 -32 45 22 19 -3 
41 -16 43 -44 52 -47 -1 
-48 0 13 -30 -4 50 24 
-27 19 -34 -41 -63 17 -57 
-58 20 38 -5 3 -30 52 
-9 19 -18 -3 -1 10 56 
-25 -16 59 -47 -28 23 4 


-38 -2 58 -40 54 -61 -7 
-16 -18 -21 -29 -9 -28 30 
-60 28 -12 24 28 44 45 
28 -19 -42 -42 -3 -29 -1 
36 -9 11 22 2 -27 59 
-44 29 -15 -15 -35 -19 -37 
-6 29 -42 41 11 18 40 
-6 -29 -19 31 1 59 -30 

-12 2 -22 47 -32 12 -31 
-20 2 -40 -48 22 -24 -28 
48 -43 27 -48 1 -45 -11 
-22 10 41 -21 62 -22 21 
38 -21 12 14 -9 49 28 
-13 -14 -19 7 -49 30 56 
-26 5 22 -33 -22 -14 -48 
45 43 -33 -45 -16 53 -14 


-53 -20 -28 -15 -59 14 54 
42 14 -39 14 -20 -42 -5 
-40 28 -46 -13 48 -9 -54 
-13 33 4 -12 -42 -25 -20 
-33 30 -17 -41 3 -63 -7 
-49 19 34 -6 -32 -18 59 
-50 -20 -9 28 56 49 22 
36 35 -16 -3 -62 39 -12 

-58 -19 38 47 6 29 22 
-26 -13 49 -9 -21 -14 -59 
16 -43 53 46 35 34 -47 
24 -32 -35 -34 6 49 -7 
-40 13 -17 13 21 47 45 
-48 10 43 41 -44 -38 -28 
-23 8 30 -42 -31 39 -22 
48 3 60 20 -26 -19 -47 


38 16 -6 -43 -5 -32 58 
28 22 11 -26 -24 -58 0 
-40 31 -29 12 -38 -25 -44 
47 -25 -63 46 42 -55 -58 
-39 21 -1 4 -42 -35 -40 
25 -11 42 -23 9 -24 1 
-14 26 38 -38 52 -49 62 
-31 -18 -43 -26 -59 -19 42 

56 -44 -21 -39 59 -14 32 
54 14 -30 19 -28 45 57 
-39 7 -27 -37 44 -47 -41 
48 7 17 50 38 9 -43 
16 -44 -2 -41 30 1 56 
6 -22 -36 -32 31 -57 9 
-17 13 -62 24 -20 17 10 
-1 -14 28 -25 49 52 -50 


0 22 -1 16 -45 27 -10 
59 16 -39 -7 -48 -32 -58 
8 -39 -36 23 -10 48 -38 
53 -24 -15 46 38 -60 -58 
-58 6 22 -29 43 -38 8 
-28 -33 31 20 -51 0 -49 
-3 15 -60 50 19 15 -52 
7 12 42 -20 57 -14 21 

-61 -21 14 -5 -21 -23 -38 
-29 0 20 31 2 -18 46 
1 -34 22 28 1 39 -16 
25 21 9 31 24 9 58 
-23 20 7 3 36 -48 12 
50 27 -3 13 53 -25 -55 
4 8 15 -36 -6 53 10 
46 9 -37 -35 22 -21 14 


0 33 60 -18 -21 -41 12 
-6 -30 14 -1 -7 -26 -42 
-60 -24 59 43 -12 24 -55 
-48 16 -28 33 -16 63 -54 
-51 9 26 -19 14 3 17 
-11 -14 32 12 -25 -13 -60 
50 -33 1 -18 -18 38 -30 
-61 -15 -39 -33 43 -58 50 

-51 -23 -9 -8 -40 3 -54 
-5 6 -26 35 -8 -39 41 
-13 13 -51 -25 19 54 22 
-23 44 5 28 -7 19 -60 
48 -11 38 -39 -30 -20 54 
14 -43 30 -40 51 -29 -41 
-49 -28 -9 29 -7 -42 54 
-38 -23 55 -13 45 -54 50 


-2 -5 12 -42 -23 45 -58 
33 24 25 -31 58 -32 44 
25 1 60 -45 -3 26 -15 
-32 13 41 -39 -14 -33 54 
24 -27 16 3 -26 -41 26 
7 -18 33 -14 47 22 27 
-60 -24 61 -38 37 37 -28 
-26 -13 19 27 16 3 16 

21 21 23 8 54 47 -22 
-34 -36 -49 -3 -30 10 42 
36 -27 18 -38 -38 49 40 
32 -12 10 16 45 27 -28 
-49 8 -46 45 -64 0 59 
16 -19 -64 17 -14 45 -4 
13 -2 55 19 -16 -35 -14 
-57 5 -36 -29 -8 -25 16 


-22 -38 8 -45 32 -56 46 
54 15 1 -26 32 -8 -50 
29 -3 36 -15 18 43 32 
-1 7 -7 -36 -59 -34 14 
61 16 -22 30 47 -13 12 
39 22 4 -20 -60 -46 -6 
60 -24 28 19 -28 47 -25 
-47 -15 -58 -14 -47 9 15 

-22 33 -14 41 28 -4 -57 
59 4 36 22 62 63 -64 
-51 29 41 -21 -43 -15 31 
33 -33 -56 46 60 49 -39 
4 -23 -23 -28 -51 -59 42 
44 -2 16 -33 -9 26 2 
-53 -23 -25 -3 53 -47 -19 
-41 -39 -17 -15 -64 47 57 


18 39 58 -35 -2 -42 -47 
44 32 -41 20 55 54 -50 
-29 20 -43 -49 -12 -20 35 
0 -12 40 35 -56 61 51 
48 -28 -37 41 10 -31 -22 
62 6 -13 -23 3 -3 -57 
-19 18 9 -29 56 -44 39 
42 25 -45 -12 40 -36 -3 

-31 -7 -35 41 5 -61 -1 
53 15 38 -15 -2 16 -49 
32 -44 19 -28 33 -24 6 
49 -30 28 -17 3 -6 -35 
-1 -41 41 30 -36 -13 50 
2 -26 26 13 -6 17 20 
37 32 41 35 -26 -36 -52 
36 20 41 19 -27 27 47 


47 40 2 50 37 -38 -34 
33 -9 -39 49 33 12 -24 
43 5 39 -26 42 41 13 
-32 19 61 8 17 -39 27 
17 -20 61 6 29 -38 25 
53 32 -50 -24 -27 -32 -31 
-40 -11 21 -38 42 -15 23 
-39 -19 -12 -25 -29 58 15 

5 23 18 20 -34 -35 24 
-13 -35 -40 -10 54 -1 27 
-53 16 -37 32 -58 -1 0 
59 -25 23 -49 2 43 16 
32 -23 63 -49 -52 57 -49 
45 33 -37 34 1 -23 -54 
37 -25 -13 -25 -37 -63 -47 
-28 -16 16 43 -40 -18 6 


11 44 -14 18 -29 -32 -55 
-51 15 -23 -44 53 -1 -17 
-18 -3 22 48 -52 -3 18 
26 -13 12 48 -62 -51 20 
-17 12 47 25 4 6 17 
54 26 -33 -17 -29 -16 61 
46 -32 -35 -44 5 1 7 
5 17 24 -13 63 -34 -27 

-57 -27 -42 -37 54 -27 49 
43 36 -32 14 -20 -23 2 
-58 18 -57 -8 13 -49 -58 
39 -24 -53 -43 50 36 48 
-39 25 61 26 51 -21 -38 
-58 22 -64 -11 -30 47 -49 
-5 28 61 14 44 9 -15 
8 32 26 -47 33 5 -43 


-48 -2 46 -27 24 -6 57 
45 1 14 -36 -33 18 3 
-52 19 6 -35 -19 36 52 
27 0 -49 -41 63 2 -51 
-27 16 -38 0 25 19 -51 
-35 4 27 26 44 28 40 
-60 -22 -22 -21 -22 57 52 
-32 -19 29 7 58 51 -34 

-33 -24 0 -17 38 -17 21 
-54 26 -36 -27 7 -35 -42 
-48 1 -45 44 -23 -39 -19 
19 32 -33 -39 -21 -13 42 
-17 8 -4 -9 24 -50 -2 
19 -2 32 -36 51 16 -29 
9 29 -38 13 -56 5 56 
34 36 -30 17 35 56 -39 


13 26 15 -26 58 38 -11 
52 14 14 21 16 61 13 
-28 26 50 35 56 23 -33 
52 -6 -61 -26 -8 31 1 
-17 16 -11 -50 48 3 20 
-26 -8 11 27 -51 3 -57 
61 -22 -22 7 53 -49 -54 
9 29 6 -14 5 -34 8 

-35 -38 -59 17 61 40 26 
-29 -20 11 37 -30 17 -21 
-37 35 -42 -37 60 42 16 
-24 27 -49 -23 14 -25 -37 
-14 30 18 26 -6 33 -61 
-31 -9 -34 -18 -22 6 46 
-60 -3 53 -50 43 44 -50 
-17 -20 -19 34 36 54 31 


16 3 56 35 -57 -25 8 
55 39 29 49 39 -30 -15 
-33 35 41 27 -19 60 -63 
-26 27 -30 5 44 -62 -41 
-49 26 48 -11 -11 -46 58 
1 -24 49 -11 7 17 -13 
-16 19 -36 32 55 34 -44 
26 2 10 -41 -10 -47 -24 

-46 -20 -38 48 -21 58 -17 
36 13 53 -42 23 54 -13 
35 -45 19 -30 -22 -7 -30 
-48 -15 59 44 25 -44 -19 
-53 18 -37 8 -48 2 56 
-15 -26 -26 -40 48 37 9 
-17 24 -8 -23 14 58 -1 
-37 -43 -45 29 17 -3 -47 


-20 8 -25 46 3 25 25 
-43 16 33 35 -45 29 -64 
-62 34 -48 5 57 -47 -23 
21 40 36 45 -64 13 15 
-13 33 -26 -45 34 2 38 
60 16 -45 23 48 -53 -24 
-62 -37 33 -14 -41 -46 21 
-48 -20 54 29 -13 -33 -1 

-46 -32 19 -11 -18 -31 -10 
2 -41 -63 36 -48 27 8 
-55 44 49 -19 -25 -43 38 
-10 -16 61 43 -34 -4 -38 
27 -32 55 16 -62 -12 -3 
47 18 11 -27 2 -23 23 
-10 23 37 -8 -55 46 -22 
50 45 14 21 -38 -22 -43 


-23 -25 11 -32 9 -19 -21 
-63 -10 58 50 11 6 -6 
20 -29 -57 32 11 29 0 
-38 1 -30 50 25 -34 54 
-30 30 -2 31 -26 63 -56 
57 32 -12 13 61 -55 3 
-6 28 -26 -20 29 -16 -13 
2 -42 -33 47 -31 -30 -8 

-3 -15 13 -33 53 18 62 
37 -6 -58 39 48 -64 25 
-53 29 -17 28 -57 63 29 
-17 28 47 18 -42 55 50 
-30 23 -28 17 -32 21 -55 
-35 29 -34 -42 -3 19 35 
-6 16 58 30 20 -49 -13 
-14 0 -10 45 -48 -16 11 


10 24 26 -29 20 -5 -40 
-42 -6 -34 -39 62 -29 -3 
47 -18 23 -28 16 10 38 
-42 1 6 -41 -14 -5 30 
42 -29 -21 -27 -32 -53 50 
-43 22 23 47 -35 42 -17 
-13 16 44 8 -39 41 -43 
-43 -12 5 22 46 -58 -49 

-64 -36 28 40 -19 38 20 
-3 -19 -56 24 -3 -43 -30 
-64 17 -59 5 10 25 -53 
28 -34 30 9 -50 49 57 
-16 34 -24 -24 28 23 -64 
13 -37 35 -4 -50 49 -3 
-62 -24 54 -10 57 35 62 
-51 -30 24 38 -12 37 -29 


6 23 43 -18 -6 -48 44 
-18 -23 28 -10 -61 -21 -14 
33 -12 19 -47 -20 49 33 
60 -37 -35 29 47 -34 -30 
-14 37 -32 -21 12 -62 44 
-61 5 -29 -23 33 9 22 
14 31 4 1 36 35 -25 
-35 -23 -21 31 -38 25 47 

-51 -25 -5 -43 11 -36 -32 
-14 -33 22 11 26 -24 49 
23 -36 4 -8 16 -40 10 
21 10 -45 -45 -23 -14 59 
-42 40 44 -16 50 44 -61 
-36 -28 -41 -33 41 -5 8 
-13 21 56 -34 -58 34 -9 
41 10 0 -35 -33 -7 -5 


-64 2 51 -50 -49 -28 -10 
58 35 30 14 -8 46 -24 
10 -31 -31 18 -41 16 -38 
41 4 6 22 -16 -44 -4 
59 -40 39 -40 -54 61 42 
9 -20 -23 6 16 52 -30 
1 22 28 34 -53 -7 54 
-22 -27 17 -33 -8 2 -61 

12 27 4 19 -38 -53 27 
52 23 -3 -45 41 -61 -21 
-16 -17 41 26 10 21 1 
-11 19 -37 -34 -40 34 52 
14 -30 56 22 22 59 4 
13 -22 10 5 -44 -15 -35 
-7 24 11 9 43 -54 -5 
-26 -15 -26 0 16 -29 11 


-50 -36 27 -3 11 -18 35 
-23 -21 -10 7 36 49 -12 
61 -31 -45 48 -62 45 -50 
-30 39 -21 12 -23 -31 -59 
48 -19 23 -19 12 2 21 
16 -18 22 4 -38 -6 -25 
-32 -10 -33 36 27 3 49 
-16 -20 55 -35 -59 50 -21 

-33 -24 37 -32 54 29 -30 
-38 -46 -62 42 25 32 -47 
38 -13 60 35 21 -49 19 
21 -27 54 28 -42 -29 -19 
-45 24 35 -4 -10 20 21 
-22 6 35 24 24 13 21 
-31 20 46 -33 12 -34 30 
-30 -9 55 -24 -9 -31 -10 


-48 -14 -63 1 31 57 30 
-54 16 -18 -18 35 -58 17 
47 -4 -32 29 20 -20 -64 
31 -27 -41 -9 -48 21 -8 
43 -21 -16 12 11 -27 32 
9 -26 16 -17 2 -56 -1 
59 -9 31 27 -56 -6 -35 
50 39 14 7 28 51 -50 

36 43 -54 -41 7 35 3 
-27 -26 -3 8 -1 -54 57 
23 -11 28 6 50 60 -29 
-23 42 -15 18 25 -53 -63 
23 -17 1 2 26 49 -50 
43 1 24 -34 -52 38 -23 
58 6 -62 -35 -31 -9 3 
5 23 34 -26 36 -17 22 


-22 -8 -9 44 5 32 -45 
-13 -44 -61 19 -31 14 -7 
-58 23 47 -34 52 -14 -26 
62 -5 -56 -44 10 -49 63 
-30 24 -17 -18 -44 -32 34 
-3 -26 25 -27 21 -64 8 
21 3 51 42 57 -42 -12 
-25 -19 -30 26 47 -12 54 

31 16 -17 -40 13 -64 60 
-58 36 -26 -37 30 1 28 
29 -19 50 -1 -14 -31 -55 
0 33 61 -35 31 39 -3 
-45 7 63 35 -22 9 -51 
1 -9 -8 14 -59 -26 63 
-64 -25 7 -34 -27 -59 61 
-8 -32 -58 31 13 -23 -7 


50 24 25 42 45 60 14 
-44 -23 58 35 -31 42 0 
-16 -9 22 26 39 -28 42 
-27 34 10 21 -39 -31 -16 
60 -25 32 -20 -61 -3 26 
-57 41 -30 21 42 -16 33 
-47 -34 37 -36 43 18 -50 
20 33 -7 27 10 27 -15 

-25 -16 18 -38 -55 -20 -60 
-31 -34 -14 -2 -49 -8 -38 
23 -38 14 -13 -12 14 45 
-50 5 50 -42 -30 -33 38 
-17 38 -34 -36 -11 -20 -16 
8 -15 26 2 3 -40 -43 
34 -22 -45 -32 -44 -57 -22 
-21 -30 -46 -8 -42 42 -62 


40 -30 18 48 52 7 35 
52 31 -13 -5 -19 44 -64 
-5 -3 35 29 45 -62 51 
-2 -38 -36 -49 19 16 -39 
-35 25 42 11 -59 -56 -63 
-4 -32 54 2 -14 31 44 
-47 -28 -40 -7 -17 9 -62 
-15 -5 38 -39 33 41 -23 

21 24 4 -44 -15 7 -52 
-7 13 -63 -22 35 57 -57 
60 21 4 -7 -45 -43 47 
44 -38 43 34 57 4 -59 
-29 28 41 17 39 -60 61 
32 33 -32 40 -19 -30 44 
-63 -13 -40 -30 42 63 45 
43 19 27 -22 -2 -1 43 


-58 -28 0 -34 -41 27 31 
-14 8 -60 -28 -51 -60 -53 
2 -17 11 43 3 -61 -58 
-41 1 48 -30 -38 48 45 
52 -31 29 -35 -24 0 -58 
13 -29 3 -28 18 -16 51 
42 -17 6 44 -64 -32 55 
-7 8 -36 38 56 12 23 

55 -21 -42 -34 24 29 54 
11 -11 40 -50 -34 -54 -45 
-41 -9 -56 43 -22 61 7 
-23 30 1 6 -26 6 8 
21 -26 32 -12 -52 -40 41 
-47 33 10 31 -60 -51 -61 
-5 11 -61 45 -50 22 18 
6 23 46 -25 -54 56 -57 


2 5 2 -35 29 -28 15 
29 36 50 -24 18 -35 -1 
33 -36 7 -35 19 -53 5 
-8 -3 50 45 57 -9 14 
-19 9 60 22 29 -53 -1 
0 -34 -61 11 63 -3 -44 
-23 26 -46 -3 -49 43 -31 
36 38 63 -41 14 57 0 

-47 -30 -50 -48 -10 35 61 
47 5 -4 -15 48 -48 -45 
10 -20 -12 33 7 26 -2 
-13 29 -17 -20 18 -11 40 
-44 15 54 12 42 60 -15 
13 -17 63 -32 -12 -31 -28 
-51 -34 62 17 -56 56 -2 
36 29 -42 4 -59 -61 -55 


-58 -21 -4 -38 33 12 -47 
55 -10 54 34 -6 58 -62 
-50 22 53 12 0 -8 -58 
61 33 -31 50 -28 -17 -15 
-61 27 45 -21 5 59 23 
52 34 13 -4 -14 -27 18 
58 -8 13 36 -29 -22 -30 
19 32 -4 20 -40 -63 39 

-64 26 60 -48 -11 -20 -14 
13 -20 -54 46 -19 18 40 
-47 25 -32 20 19 -62 -16 
42 -38 -50 29 41 -44 20 
-23 30 -32 -20 -6 -51 23 
1 -43 -23 -30 8 -29 -61 
46 -38 -24 -38 -64 55 -27 
57 23 35 12 -9 -32 -31 


13 29 -44 49 60 56 -28 
55 18 -20 15 -49 -29 -64 
-16 -36 23 35 58 6 -13 
58 -30 -46 -10 -22 38 60 
-15 15 61 43 54 1 -18 
49 24 -37 -6 -32 11 20 
10 -1 -3 -23 -33 38 62 
45 33 6 -9 -26 61 38 

-39 -22 -64 38 7 -41 -24 
18 -11 34 -33 -46 54 -47 
29 -21 -48 8 0 36 -49 
-8 22 -26 -43 -63 -10 29 
-12 8 45 21 40 9 41 
12 -29 58 -3 1 5 -55 
-57 -14 26 17 49 -40 58 
-31 -31 20 16 38 30 -58 


59 19 -53 -44 5 46 -39 
61 11 2 -32 -25 46 -12 
-56 23 -61 -11 -47 31 21 
-51 2 42 -43 -18 -53 35 
-39 27 -34 -5 10 -18 -46 
-62 19 -1 -25 -50 24 -48 
7 22 -16 11 -17 -35 -19 
-12 -29 49 -7 -7 -20 -38 

29 4 49 24 -41 60 45 
57 4 -2 -31 5 1 27 
52 -30 -28 49 -1 -20 -27 
-10 5 -60 24 3 -50 -46 
1 -15 50 23 53 18 44 
17 -33 20 -30 -7 -57 56 
3 31 38 9 11 51 -5 
9 14 -34 21 -60 -49 -23 


9 13 -25 25 -39 -41 -42 
-5 -24 3 24 17 -28 50 
-42 22 -6 11 47 24 19 
-19 19 57 -37 -18 -21 26 
62 -27 -13 23 -3 8 -7 
47 33 -62 -2 -11 26 -23 
63 -33 -21 -40 -44 13 -25 
45 13 -18 -36 -39 7 -18 

-35 -24 33 -39 -42 26 -5 
-26 -36 -29 -20 36 53 -18 
55 11 15 -25 49 -19 54 
-3 21 33 46 28 6 58 
31 -31 37 -6 -14 -41 -18 
18 -10 -9 36 45 -45 -46 
-57 -41 33 -25 -18 33 31 
-38 -18 -13 14 49 56 -38 


43 4 -52 -38 -9 -45 19 
-41 -3 -42 -47 -29 -32 -16 
-34 27 34 33 -7 -21 14 
-31 30 -19 11 -31 -26 13 
51 -22 -36 -5 30 54 22 
14 -4 -13 26 49 -19 23 
27 -13 -16 -48 39 -15 -28 
1 34 31 -50 33 25 52 

45 13 -29 -16 -47 -60 -39 
-29 -37 -59 23 -17 50 11 
10 -31 45 40 60 15 9 
39 -34 -31 -2 -22 18 40 
-18 16 -31 -42 33 -22 13 
-12 -12 -63 -44 -32 -56 55 
-7 31 41 16 -10 52 2 
-21 -15 -33 5 62 -29 -9 


-46 -31 36 14 12 36 56 
-16 -10 42 -19 -57 -48 63 
60 13 -21 38 36 -12 -44 
24 13 3 44 -38 -20 -62 
19 -39 32 -8 40 57 25 
49 23 24 -13 -18 -33 59 
16 14 -57 30 -11 -45 63 
60 2 -24 -36 36 -56 -11 

-55 -21 60 -37 12 32 42 
36 5 33 -44 60 12 1 
48 -3 40 -45 -4 -58 35 
-10 20 38 46 -32 -21 1 
49 -42 -43 45 46 1 -29 
-51 39 -53 -31 -27 34 0 
49 -16 -60 2 62 -53 -32 
25 45 -17 37 -59 4 3 


51 23 2 40 -56 23 -30 
52 25 -43 -5 15 -34 -1 
-40 21 12 15 -52 -42 -7 
33 -26 1 31 -32 43 -47 
-47 12 -49 25 -8 58 58 
-18 -46 6 -29 51 -62 54 
-61 -24 55 -12 57 49 24 
-55 -18 -39 -45 -51 -8 -57 

-59 -10 14 46 -3 27 -21 
-14 -19 -57 -26 -58 -36 33 
0 -21 37 43 -62 50 -40 
-3 10 -33 -34 49 32 61 
-42 29 40 19 17 53 -31 
-1 -37 -16 -37 44 56 -1 
43 -41 36 17 47 -28 53 
-30 -18 -37 -21 28 -12 -2 


56 -16 -8 -37 33 39 -44 
52 13 -31 -11 -30 56 -30 
-40 32 55 -34 1 8 26 
49 -20 46 38 62 -44 63 
-11 7 -4 -17 14 -27 20 
-62 29 21 36 42 36 21 
18 29 43 -14 21 -50 55 
-64 29 -25 -35 -16 16 37 

39 18 15 45 -33 -40 -5 
41 11 43 8 52 30 -7 
26 -3 -21 25 -64 25 -36 
-22 25 46 -28 43 57 10 
-50 31 20 -15 -57 -17 5 
-16 -21 61 -10 -16 -31 -33 
-5 38 9 7 48 10 56 
57 34 35 22 -28 -54 43 


-16 13 45 -49 -32 -21 17 
15 -33 60 50 21 -44 48 
8 -36 19 3 -43 11 62 
-42 25 -3 47 -14 -41 24 
-37 5 6 -21 -60 -62 18 
-31 -19 28 41 34 -11 37 
-46 -14 37 -9 -23 -21 25 
-47 -33 -55 7 -40 -12 -48 

14 12 -49 32 6 -57 4 
60 -10 6 -38 -48 -6 28 
14 -37 -38 -44 -25 -56 29 
-11 0 14 -41 63 43 40 
60 23 37 -40 -36 -21 3 
37 45 -21 33 -14 49 27 
-63 -37 37 8 3 44 20 
62 12 -23 -38 12 -59 -17 


45 23 7 47 -21 -35 -37 
-56 27 6 25 -8 31 20 
-38 26 1 24 -36 32 -35 
-6 -11 3 -32 -19 13 -60 
-58 8 -36 29 -36 -45 56 
-45 6 26 39 -57 20 54 
12 10 2 -10 63 53 -3 
-39 -19 -45 5 -29 10 60 

29 20 -26 5 7 -45 -43 
-47 36 29 40 -26 57 -31 
53 36 -36 29 -58 -16 33 
7 4 38 25 40 22 63 
11 -33 -14 -12 -55 -55 -30 
6 -17 60 -10 -37 -17 20 
-28 16 -15 42 63 -19 -32 
-33 -35 -36 -38 55 40 56 


12 26 -38 12 1 39 13 
44 18 2 12 -35 -38 38 
52 2 -44 24 57 60 10 
-5 16 -28 -13 -27 -21 62 
-6 13 -15 -28 -38 21 -35 
-16 -13 -27 -46 13 -5 -21 
-1 21 10 -8 -33 23 27 
-9 26 33 -40 -33 -8 45 

22 28 -28 2 63 -23 34 
18 25 -4 44 -35 -39 -42 
3 9 -52 -49 -61 47 -25 
0 22 -3 5 32 -49 48 
-24 14 -56 34 -36 -7 -57 
-4 -34 -30 21 35 -60 59 
-9 39 54 -44 31 -40 -19 
48 11 63 46 -51 -12 53 


-39 -31 6 -48 45 37 -19 
17 -26 -33 37 15 29 -32 
-26 43 -54 -33 -6 43 10 
-50 19 29 -35 38 -38 -28 
18 -4 18 32 -49 -17 61 
-6 -12 -6 14 -54 -34 -12 
18 11 37 29 41 -35 -16 
20 25 -42 25 -53 -44 60 

15 25 -61 0 2 30 50 
41 25 -45 5 -46 -47 13 
-51 15 43 2 8 -7 -40 
45 -35 45 40 -23 -40 -4 
-9 31 -52 -40 -40 -9 -37 
25 12 -30 29 -47 -2 -40 
17 28 -39 -38 41 14 -63 
-49 -25 9 -14 19 -63 19 


-53 -41 17 -32 49 47 27 
-27 -30 45 -11 53 54 -47 
13 -24 49 25 -24 -45 56 
-19 35 -29 18 -13 -53 -31 
47 -2 47 -17 -17 -55 32 
37 23 18 -13 -50 -35 -24 
-4 26 -14 19 -18 -60 -63 
-32 -20 -36 25 -14 -12 -64 

-17 14 46 -25 -4 -44 -33 
53 35 10 8 -9 7 13 
21 -30 -8 8 63 -46 -39 
57 -28 1 -26 -57 37 56 
45 -38 0 -15 5 -40 43 
19 8 -9 34 -14 6 4 
36 -38 -25 -39 -16 -33 -55 
-27 -15 -60 11 -4 -57 31 


0 -16 -53 44 14 9 -32 
-53 -23 56 41 -21 16 -5 
-34 23 58 25 -26 -13 28 
18 -37 -21 -38 -56 10 36 
41 -36 57 13 -7 22 -27 
-5 -29 -44 -27 11 55 -37 
-64 -37 29 36 -48 -26 9 
-35 0 14 24 35 35 62 

32 12 62 49 52 -36 47 
55 23 -51 -11 60 -45 12 
24 -14 28 8 46 59 31 
38 -27 41 -8 0 -43 19 
-34 29 38 -33 -43 -55 7 
38 25 45 -34 19 -61 -13 
-6 8 49 25 -10 -4 21 
-24 -33 22 29 -56 -54 13 


-54 -18 18 7 31 45 52 
-27 -29 -3 -12 38 -27 46 
-39 4 -17 -36 -39 46 14 
42 -34 39 -19 -37 -13 47 
-49 13 38 -20 46 52 -46 
60 44 50 -15 2 52 -35 
-23 37 59 -21 25 5 49 
-38 -35 14 -5 48 -26 35 

-45 -40 18 -33 59 -41 -16 
-7 -20 0 30 15 61 -46 
-9 -18 -35 -33 41 -35 -49 
-35 42 0 9 43 15 -5 
-61 -42 22 -46 35 -4 -1 
-31 -44 -22 -24 -5 -59 50 
-32 12 -45 27 54 -24 54 
-13 -17 23 -23 -38 -3 25 


57 -19 -36 -38 46 -61 -62 
-11 -28 61 10 47 -54 54 
54 26 -42 34 -62 62 28 
53 -19 -22 1 -60 -10 -55 
30 -16 -4 31 -50 53 27 
1 -16 -14 14 -62 19 25 
-11 8 -44 45 7 45 44 
40 41 -40 -43 53 -3 -45 

-41 -42 -19 47 -52 63 -32 
14 29 13 -37 23 28 -53 
-14 27 13 40 0 -41 17 
7 -10 -62 47 -28 -32 -49 
17 -21 -53 -11 -33 37 18 
31 -8 51 -32 40 -27 47 
4 23 -15 14 -11 -57 -9 
44 26 54 10 -2 -48 1 


36 -5 -62 44 32 62 62 
19 -4 48 -42 -38 13 -23 
-36 40 -5 43 -16 -38 32 
43 -23 -50 23 23 46 -22 
-25 3 -24 -25 -46 -55 -55 
14 -30 -52 22 -28 -50 -19 
54 -21 -14 19 -13 37 -24 
14 9 -50 45 29 -44 -11 

-39 -20 36 -30 -49 21 -43 
-34 -5 -43 -34 -8 -39 -21 
-61 22 -30 20 40 63 5 
-12 10 -2 -23 -19 -47 -62 
14 -7 -32 -14 54 -48 -33 
63 24 44 -7 34 -23 -44 
-48 -4 -26 41 41 27 -42 
31 33 -43 -14 -22 32 -59 


15 -24 0 -50 6 26 11 
-17 -27 62 13 57 -14 54 
-10 -19 25 31 5 -10 8 
20 12 4 47 -55 54 -6 
-2 -1 -30 -25 -32 -6 59 
49 13 18 -46 -11 -26 16 
-61 -44 -64 30 -22 34 -2 
45 21 47 -15 26 55 -44 

8 17 57 -38 -43 -48 -24 
28 18 51 -32 22 29 26 
-53 31 -14 26 -5 28 15 
43 -25 19 7 -53 34 62 
-19 12 42 26 63 41 6 
-54 21 46 -12 43 11 -61 
-50 -30 35 -16 52 -16 -19 
24 39 -9 38 -55 -38 -42 


59 -19 54 38 6 -35 -47 
-12 -16 -43 33 18 24 46 
35 -39 -62 38 43 -47 -50 
-35 2 -57 28 -37 19 0 
-33 7 -47 41 -64 -18 38 
54 18 -35 26 54 -3 -24 
39 -17 25 34 -35 -62 20 
20 21 24 -15 41 -20 -49 

-22 25 -22 43 57 17 -31 
33 19 -62 -8 -37 38 -13 
14 -8 29 41 14 41 -23 
-5 17 -40 -9 -4 40 3 
-35 18 20 19 -19 -16 47 
47 35 12 2 31 -18 23 
29 9 -32 -45 12 -43 -43 
4 19 41 -42 30 23 41 


17 9 -47 15 -40 58 -3 
-29 -40 47 48 -34 23 13 
-14 44 -31 -38 29 33 -18 
-2 43 21 28 29 -57 -40 
-46 41 -64 -23 54 24 -63 
4 -10 -54 -47 -40 29 57 
60 -34 -18 13 -33 -34 -53 
-17 -17 62 -20 16 16 53 

-27 -44 -59 29 56 -6 -22 
5 -6 -23 45 62 -14 38 
26 -36 -26 -19 6 -57 -11 
56 -15 1 -40 47 50 -3 
-38 28 -45 12 -3 -39 -3 
22 4 -19 18 4 -34 23 
61 -32 18 9 -21 -54 31 
53 12 -21 -12 29 -61 49 


-56 -23 1 -45 -59 26 23 
-23 -13 -5 45 38 30 -28 
13 -27 59 23 -22 -54 -2 
39 -25 52 25 -56 -48 -50 
7 -12 -30 -16 49 55 -61 
-7 -24 -17 14 59 30 -38 
51 -33 -27 -27 47 -25 -53 
19 23 -28 10 -2 6 12 

-3 17 0 5 49 49 -50 
46 24 0 18 -53 59 -55 
58 34 24 -43 47 42 14 
3 38 -49 -22 -50 -61 -61 
-1 1 19 25 17 14 -44 
34 -39 36 -48 -62 29 55 
14 21 -59 33 -63 -8 -43 
25 38 12 5 -23 46 51 


-21 -9 16 -32 -54 -11 -4 
51 38 57 0 54 -16 13 
12 -38 -41 29 -47 48 15 
57 -7 -60 -49 23 59 -62 
-21 6 -17 -29 -38 61 11 
-17 -36 -31 -32 -25 12 -30 
-11 20 -52 5 44 -8 -34 
49 -8 -6 -42 -53 17 -52 

22 41 0 19 7 -27 -32 
-63 14 49 41 19 20 11 
-27 -20 49 48 52 -4 -59 
-12 24 -26 25 -60 -41 9 
24 -45 -21 -28 18 -23 9 
61 37 38 9 47 -51 -14 
8 31 -6 12 -19 27 -9 
4 38 -31 16 10 -28 -44 


-41 -14 58 -37 -15 17 59 
57 2 -60 20 -5 61 -59 
-5 -17 -57 -37 -18 61 56 
39 -25 -18 -48 61 -24 -36 
-44 3 60 15 3 -49 -14 
-63 34 -38 -15 -43 -49 -42 
40 18 -45 -35 19 -5 -19 
29 23 48 0 -47 14 -33 

13 14 -11 -39 28 -50 -25 
41 33 24 21 -60 -59 59 
24 -21 10 49 -43 37 -14 
-33 14 -8 -16 -18 -40 44 
-23 21 18 -24 -54 34 5 
56 4 10 -26 -3 -48 15 
-7 9 -9 -8 -56 -36 -41 
24 40 42 -37 35 55 -43 


-24 -16 12 -23 43 43 38 
-12 7 6 45 55 21 3 
31 -11 -35 4 -11 55 37 
29 -15 18 12 -12 55 42 
30 -28 -56 23 -62 51 -44 
-52 31 -24 -29 -19 4 39 
58 -29 -24 -13 -6 7 6 
-48 -37 -38 -23 -9 -61 58 

29 22 -55 -18 24 1 -58 
20 -21 59 48 63 -32 -28 
44 -33 32 -38 20 10 9 
40 -16 25 49 34 -24 33 
46 -41 -38 37 18 33 -36 
49 12 48 9 9 -4 57 
48 -36 47 42 -1 -40 -35 
-31 -12 28 -14 15 54 27 


-58 -25 -18 35 -44 52 51 
-8 -28 40 -28 -21 -22 -46 
35 -25 28 -49 41 -24 -2 
24 -38 -30 -17 36 49 -13 
-6 18 30 12 -42 50 -10 
-16 -25 2 -4 -20 30 -45 
-50 -21 -35 -9 -15 22 34 
-43 -17 -45 -42 52 -50 59 

7 22 -56 11 -34 40 -39 
40 23 63 -32 59 39 5 
-17 12 0 44 -60 -62 -33 
-46 3 -45 42 29 -11 -39 
51 -25 16 -11 14 -36 -53 
54 8 11 -26 47 -51 34 
2 27 -57 16 -57 -27 -56 
-9 -24 61 -26 -38 48 1 


41 22 -51 -18 34 24 -59 
-46 -13 31 37 -31 -40 62 
-1 -18 -10 -40 57 -51 -19 
-3 21 -43 6 -37 4 -54 
54 -19 28 -34 -41 40 -26 
0 -24 -20 18 -7 -41 -36 
45 -37 -32 -45 -28 -25 47 
9 21 0 0 58 -44 -35 

-37 -11 59 -2 -6 51 -28 
33 18 -57 44 -10 2 -24 
32 -33 -39 -1 31 -46 -41 
-37 24 -10 41 2 -25 -64 
8 -3 -31 -30 -29 60 -39 
-53 22 -58 -30 25 54 6 
55 -28 20 29 -37 26 -34 
-17 -5 -5 36 48 -39 33 


-4 14 33 -33 -42 -36 -18 
-14 -43 -6 -42 43 59 -41 
1 13 -2 48 39 -53 -39 
30 -43 42 44 0 -41 -60 
-28 21 -18 4 -8 -28 -23 
-42 43 9 28 49 48 -44 
16 22 0 -4 -47 48 -34 
-60 -39 38 30 -26 56 18 

59 17 -47 -42 -61 15 -61 
16 15 -26 34 26 33 -54 
-9 -9 -22 -21 50 -63 17 
-32 20 60 3 -25 -8 49 
-21 26 -5 22 -43 35 5 
-7 -20 -36 15 -41 37 -20 
-38 -22 -41 42 -63 24 -25 
56 17 -9 -31 43 54 -23 


6 37 -33 27 63 27 28 
-33 8 -33 -50 48 -25 -29 
18 -32 23 3 -6 -21 3 
-57 42 22 -47 57 52 -20 
-33 18 17 22 29 -51 0 
7 -47 1 -30 59 34 33 
6 -2 58 24 -39 20 -9 
57 34 29 47 -13 51 -17 

40 -13 43 26 -61 26 17 
-9 -14 -28 30 -12 50 4 
49 -22 0 -41 -6 4 -39 
-45 -28 32 -38 -50 -10 -21 
35 -19 60 -32 15 -61 6 
39 35 20 -40 36 56 -48 
-42 -9 49 -28 -21 48 53 
-49 -44 -52 12 -8 -11 44 


-9 20 0 43 -38 -11 1 
51 29 -5 -23 10 -50 31 
18 -15 9 -16 4 61 -17 
-4 17 14 -14 14 50 17 
35 -1 14 36 -43 -2 1 
63 33 -24 -4 59 -19 -42 
62 -26 -28 -13 51 11 56 
32 8 -2 -35 -16 28 -8 

-4 22 21 -28 -60 -48 2 
4 12 -21 24 23 -39 -4 
-33 22 61 -40 8 -28 -36 
29 3 -51 -43 -58 -23 27 
-34 29 -57 16 54 -3 38 
-13 -13 26 9 39 33 6 
17 16 -25 -43 63 -38 -8 
42 39 43 -19 9 -5 2 


34 21 -55 -45 62 39 15 
-10 -7 63 -30 -32 -46 48 
-47 23 -10 30 12 32 -56 
3 30 50 8 -63 -24 12 
60 -36 -38 39 -6 -21 0 
-15 -27 -64 -19 2 -38 -44 
-20 43 -34 37 -27 58 -17 
5 -32 42 -45 17 6 -29 

29 37 8 28 39 -38 -5 
29 -18 17 -40 -15 -62 -16 
-3 -12 38 1 -27 56 -25 
43 -34 -47 24 -39 16 -34 
42 -38 -17 -20 -10 -15 -14 
-22 -14 19 19 50 -7 -8 
-6 33 33 -20 44 -24 1 
39 34 31 43 43 -48 -7 


-1 41 49 -20 39 8 60 
48 16 -59 18 -4 0 20 
-24 0 -12 -30 -50 -40 -21 
-16 30 -42 -11 -41 18 33 
-39 26 -16 39 9 52 -29 
-40 24 -56 -35 -38 -23 9 
-40 -25 17 -31 -18 39 -51 
-8 -23 -57 0 -62 -7 -51 

-59 -24 44 4 -47 30 49 
50 35 25 11 -30 -25 -50 
-31 20 -10 9 -44 43 43 
63 -11 -27 8 -50 52 -45 
-22 32 14 -14 -37 -18 46 
-20 -23 -44 -39 -28 -27 48 
14 39 34 27 -59 58 54 
49 43 51 -19 62 8 37 


3 29 -6 -16 -62 -36 0 
-10 -9 -53 -32 12 -25 -18 
-12 4 -25 -31 62 46 20 
-36 20 0 29 1 41 18 
-57 29 43 -33 18 -52 39 
-11 -24 2 1 -3 22 12 
-64 -31 -49 17 57 24 37 
45 12 43 24 55 -52 -59 

24 41 -44 -45 11 59 57 
50 31 -1 31 44 6 63 
-27 32 -14 -16 -26 47 -37 
50 -8 40 -31 54 19 54 
-32 45 59 -37 13 -8 -58 
9 -37 29 17 46 12 56 
42 -21 -31 -19 -10 29 46 
18 28 -47 -18 44 60 -40 


55 20 -27 -46 -52 -42 60 
-2 -35 -58 37 40 48 51 
27 -9 42 -36 25 -13 3 
-19 21 43 32 -43 -57 -27 
-58 20 -40 49 -51 -36 -11 
18 -14 -1 12 -35 -61 33 
-50 -17 -41 16 46 -50 -29 
-34 -27 -40 34 -3 22 -35 

-32 8 51 -30 -43 -15 -21 
-62 34 52 2 -42 12 12 
4 -28 12 31 48 -41 -17 
46 -33 -49 -8 -2 -17 -59 
-50 -3 -50 27 -33 53 -11 
49 34 -59 -1 17 -35 31 
62 -12 -29 23 -16 24 -63 
-52 -7 -44 -22 30 -20 -52 


14 34 28 7 45 5 39 
-50 -19 32 32 60 -38 -50 
-28 46 10 48 -19 55 26 
62 -40 0 -49 44 -31 -36 
-36 11 13 -16 -30 -59 24 
22 -43 -43 28 11 33 -61 
-50 -27 -12 40 -2 -55 -40 
29 30 33 -22 -30 -11 55 

-45 -31 18 14 -56 -26 -49 
12 -2 -19 42 20 -55 41 
51 -36 15 -41 -53 -38 -57 
4 7 5 -15 -46 41 44 
-33 37 -20 28 24 9 -25 
-64 25 -5 19 1 43 27 
0 28 -57 14 -62 -5 -10 
23 32 -64 -11 -2 33 31 


-60 -29 54 -48 56 -50 43 
43 20 -44 19 -13 62 -57 
-56 22 -50 40 48 -26 38 
0 -2 7 -20 51 -54 33 
16 -36 32 -4 -46 50 41 
52 12 -51 17 -20 -5 42 
63 -30 57 33 26 -32 9 
56 30 -54 -10 -2 51 -20 

33 1 47 46 63 11 -2 
-39 -35 62 43 10 50 22 
-55 33 51 -4 -63 25 -55 
-26 34 -5 19 -16 33 46 
-31 30 13 23 63 18 -12 
-3 -41 47 24 -57 27 -44 
33 -18 18 21 6 24 1 
-46 -20 33 -4 14 37 -22 


-33 5 -11 46 28 49 -55 
-31 7 -57 -42 27 53 25 
-26 -29 -23 -47 62 -31 2 
-29 12 0 -44 9 -42 36 
-51 22 -34 41 2 -53 55 
-6 -14 -9 -11 -38 61 -50 
-50 -46 -52 46 63 1 5 
-51 -27 -27 -30 57 -39 -14 

-62 -13 -54 -34 -3 2 57 
-51 38 -54 -49 -39 -43 -18 
26 -25 -54 -19 -39 -10 32 
42 -23 -50 0 -11 34 -6 
12 -21 -45 -36 46 19 -39 
24 -18 34 -40 -4 -22 -8 
59 -28 -38 20 -59 44 -43 
32 28 27 -32 15 -20 -64 


54 27 -46 -36 57 14 -54 
-20 2 7 28 -14 -26 57 
-60 19 -10 36 25 -1 -28 
-13 21 -37 39 63 -38 -57 
-26 30 -50 -30 -18 -32 -32 
-36 34 -48 -43 25 -18 19 
12 14 44 33 -57 19 -1 
27 17 -8 2 34 7 6 

-16 -9 -38 43 -13 49 -11 
44 35 42 -41 -33 -16 37 
29 -26 -9 49 37 47 30 
-30 40 59 -39 -63 -54 -29 
40 -44 25 -25 -1 10 -45 
-61 21 -21 -12 -37 38 12 
28 23 -43 -19 30 -3 -27 
20 38 30 -32 -12 10 -62 


-10 4 9 -42 -12 23 -27 
58 38 -58 -7 33 -54 9 
46 17 -39 41 -50 18 60 
-26 35 -29 -8 39 -37 16 
46 -17 45 -29 -18 -14 -19 
55 25 5 24 40 -60 -9 
2 18 -29 18 -39 -58 43 
16 33 -26 30 -22 26 0 

14 1 45 21 19 56 21 
33 21 -49 37 -37 62 -38 
60 39 46 -31 -56 -35 22 
-62 -26 -7 14 -14 -28 -15 
25 -13 -19 14 -62 62 -34 
-12 0 57 -36 41 5 -14 
23 20 3 -11 -9 51 56 
20 24 -22 11 -13 40 14 


29 32 -43 -22 -3 -13 3 
7 -26 15 -39 -32 51 15 
-64 29 44 -31 47 -26 22 
-16 30 16 28 22 7 17 
28 -15 34 -29 -60 60 -3 
-18 -29 -10 -38 -48 26 45 
33 -7 -52 -24 29 6 6 
-10 5 -23 41 -25 -7 48 

-43 -19 33 -48 -28 55 -54 
37 31 -48 19 23 -2 -53 
-53 28 -12 30 -46 29 -30 
-24 -10 14 -44 -6 -42 34 
-8 26 30 43 -54 63 -42 
-24 -37 57 23 -1 -17 49 
-28 -13 17 -29 7 18 41 
-43 -18 -32 -7 33 49 28 


63 5 -40 -49 54 -34 -38 
38 30 -41 37 -29 -16 52 
-43 5 40 31 5 52 -3 
-3 25 5 11 33 -18 -15 
-26 26 28 3 -27 -16 -36 
-50 28 40 -16 -32 0 -8 
13 22 36 28 -29 -35 42 
-25 -46 -8 -27 -11 -50 0 

60 -32 -60 41 37 7 -8 
-11 -14 -29 -15 18 -25 -38 
17 -17 44 -41 45 -39 43 
23 -41 -21 -41 -41 21 49 
61 -18 37 -36 59 -44 -18 
-49 32 8 39 -20 28 23 
-12 15 -19 -20 15 10 -61 
46 5 -34 -43 23 22 -6 


-31 -14 -35 15 -47 44 -19 
54 26 -33 3 -53 41 57 
34 -31 -45 9 -32 -13 -37 
59 -23 -64 24 -57 -36 -14 
2 -12 28 34 6 -60 56 
62 39 -59 -24 10 -27 -39 
-34 -26 -27 40 -57 15 1 
-45 -31 33 38 3 22 21 

17 44 -1 50 -34 28 2 
51 -23 56 44 19 -15 15 
-52 -4 1 -30 -18 34 -8 
-2 16 -10 -27 -53 -24 54 
-43 22 49 -4 60 -61 -39 
18 -25 47 -7 -19 47 -49 
46 -17 -42 -41 6 -36 38 
25 8 -1 -28 -58 5 -23 


3 -4 21 -34 49 48 -61 
18 7 -41 44 46 1 46 
-29 18 63 28 -23 -5 43 
-5 -5 -25 -48 42 11 -52 
-25 45 -59 -28 -43 -6 52 
6 -19 -24 -1 -43 -25 14 
-1 29 55 6 -51 34 11 
37 32 26 -23 -36 46 -28 

-42 -36 -24 22 12 26 16 
-9 -16 44 -22 -15 -58 19 
41 -9 -44 39 43 15 -35 
-61 -43 -52 28 50 -34 52 
-33 23 -29 16 -18 9 2 
20 -33 56 9 -11 -45 -21 
23 30 -18 -11 -6 17 50 
-53 -31 -38 -10 63 14 -59 


