7 6

-34 38 35 -39 36 -40 -15 
-11 20 -52 4 -9 5 -14 
-30 -27 6 0 -52 -23 26 
-14 -17 51 39 -60 63 -20 
57 -25 26 -37 12 -32 27 
-55 -12 28 -5 36 16 -29 

19 -3 40 -50 -13 -4 -30 
-41 -33 -18 4 -43 -38 4 
48 1 -53 3 62 51 17 
-5 4 30 18 36 -51 -42 
24 9 -11 8 -53 1 -53 
40 15 15 -29 -44 -19 53 


22 -26 5 -31 -2 -17 59 
-15 33 -19 -49 59 -17 -50 
-61 -18 48 25 20 -11 58 
-54 27 42 -4 -4 -41 11 
-24 -15 -46 -20 31 -62 -59 
-12 -34 -12 -2 57 -34 58 

-61 -12 -13 2 50 -13 -46 
35 31 36 38 -62 51 -47 
-46 36 53 -43 -40 -24 24 
-9 7 25 -38 -26 -2 -63 
-12 -9 -64 6 -37 53 28 
-10 -11 5 45 60 -33 -56 


-45 7 -52 -47 -29 -6 54 
-39 4 -24 -32 52 57 50 
-12 -19 40 7 53 52 24 
3 -16 -11 29 52 29 61 
-58 23 42 -6 -59 18 -63 
11 -21 -53 -49 27 1 44 

-17 -25 -12 42 45 -19 -60 
22 9 35 1 38 -59 42 
-40 -17 14 7 22 -62 -15 
41 22 47 -1 -32 18 -64 
58 6 26 -46 53 -24 26 
15 -34 41 -8 53 24 55 


7 -33 -37 12 -4 61 -27 
62 23 -15 -39 -48 50 -8 
-60 -20 -27 11 11 1 -40 
-32 20 -30 -34 -20 19 -8 
-41 37 48 -37 -47 -43 39 
-31 21 17 1 -22 52 31 

18 13 27 -6 -44 -5 -50 
23 -23 6 19 -24 -18 -55 
-57 -2 -3 25 -52 -39 -44 
-4 5 48 -45 46 -9 38 
28 22 63 36 -43 -4 -3 
22 7 -41 -46 -51 -56 -27 


-46 -31 3 -24 46 -53 9 
7 -27 -4 -7 21 -62 -53 
-13 -29 47 5 4 -14 46 
-28 29 -27 43 -62 33 -28 
-58 -3 -60 -7 32 51 63 
42 -28 -29 -50 -63 8 57 

59 10 9 48 -36 29 -57 
43 5 -6 29 29 19 36 
-14 -3 -9 -19 -57 -64 -34 
24 35 -17 3 -23 41 -32 
-27 -27 45 23 35 -28 -59 
-60 -23 -35 28 -51 13 -33 


-20 3 41 -13 31 -13 -33 
-25 39 -23 -45 -45 -42 -27 
-64 21 -24 -20 -39 -47 31 
1 -26 40 41 -51 -47 60 
-44 15 -43 -44 -28 -3 0 
-50 5 -6 16 43 -30 -7 

-23 -8 -23 1 5 62 -59 
16 -44 -48 18 25 -35 19 
56 4 62 -31 60 -25 34 
-32 -25 -31 48 -5 -15 2 
-3 14 -33 -10 -46 -34 23 
56 -13 -11 -40 26 22 -56 


25 1 43 40 2 -51 -49 
-6 40 31 41 -36 -13 -23 
-3 9 4 -42 -54 -17 62 
-26 17 -16 32 -7 -49 9 
50 -8 44 -16 -63 -16 6 
-18 -14 60 20 -61 -20 -12 

48 20 17 -19 -43 50 6 
-59 2 20 7 46 49 10 
12 -3 -50 -4 -47 31 41 
22 2 50 27 -60 7 -30 
-53 32 5 23 -35 19 -45 
-3 -5 62 -45 62 48 46 


-28 0 53 20 -21 53 -55 
-29 -32 -34 -20 60 -44 46 
-2 31 20 34 -33 9 -9 
-21 5 41 14 37 -57 59 
-27 -37 -31 35 58 53 5 
-54 -26 -14 -11 43 -37 -60 

61 14 -22 0 -33 27 33 
34 -13 -31 -24 21 -48 -11 
10 -2 0 7 -52 42 -56 
33 -36 41 4 15 -54 44 
-39 -1 60 35 61 -4 -22 
16 -29 63 -14 -1 40 54 


-23 16 -18 0 -3 46 37 
-57 38 50 -40 30 20 32 
-11 -4 -51 30 -52 -4 -33 
-20 -37 -30 -13 -63 -44 12 
-48 -17 -58 6 43 -44 -28 
55 -11 -47 -29 16 -13 22 

12 19 42 -26 -17 -19 38 
-17 -35 -10 -19 -53 13 10 
9 -22 -60 -43 61 46 -5 
31 40 -20 -50 -59 34 -4 
55 16 3 0 58 7 21 
18 7 -30 -15 -17 14 0 


25 15 7 46 36 23 -2 
-15 -5 -6 -34 -6 1 1 
48 -15 55 9 -64 -2 -8 
-30 10 -26 19 -59 33 49 
-35 -4 -56 -50 45 63 23 
-56 -36 33 -22 38 -57 61 

43 -33 -33 47 45 -12 39 
-13 -17 19 -8 12 -10 30 
36 -43 54 16 -11 -42 -1 
-1 -30 -13 50 17 -58 -22 
45 -3 -49 18 19 -58 -30 
43 40 46 -22 -54 -31 -36 


47 10 40 7 39 11 -2 
32 21 8 -39 50 -53 31 
56 -22 -52 39 52 53 -18 
60 18 31 28 -25 -24 53 
-1 0 -9 -8 42 4 -33 
46 9 0 42 -37 -33 7 

60 -12 -31 21 -56 3 -14 
-24 -24 -21 -1 36 0 -10 
27 0 45 24 52 -50 -19 
-39 -13 20 1 27 -64 -63 
31 -7 14 -6 57 -5 -46 
3 7 -4 28 58 -47 -34 


59 23 60 8 42 37 18 
-24 31 29 15 -64 61 29 
-25 9 -55 -30 -32 -59 43 
57 23 29 -31 -10 -6 49 
45 -5 -39 -44 -60 -30 -9 
-31 34 -32 -38 -7 61 -4 

0 -26 6 27 40 19 -10 
-15 12 -51 -25 41 31 -55 
-54 42 -3 11 -48 -61 -26 
-9 -9 14 40 -61 27 -48 
-28 -25 -30 -18 -47 31 57 
48 -9 -19 -25 46 59 -49 


26 -21 -34 -16 15 10 61 
-42 22 -9 18 55 10 12 
21 23 60 -17 -62 -38 31 
-58 -37 -28 -36 49 28 46 
-50 41 -2 35 0 -6 -46 
43 43 -10 49 -58 26 -51 

37 12 0 -13 20 62 -6 
36 -21 30 5 -4 16 -21 
17 37 28 -9 -15 -36 42 
40 -26 -6 13 18 -39 -46 
3 20 50 -44 -7 14 11 
55 -10 60 32 29 -10 -19 


23 29 -7 30 -28 -41 -21 
46 -15 -5 36 -1 52 -33 
4 -38 27 -36 56 -44 58 
-32 -38 -31 -50 11 29 51 
11 -11 53 -48 16 17 -20 
-54 -32 -8 -22 -6 25 -8 

54 13 -18 -16 -25 6 31 
-35 -2 -13 -45 -4 48 -6 
-36 -21 -27 -46 57 20 2 
-53 17 -46 -24 -49 5 -5 
8 37 -26 36 -47 12 54 
-59 -10 -21 -48 -57 -3 -8 


-26 -22 1 -20 -31 -10 -41 
24 -23 -34 31 -14 -16 27 
-35 38 34 3 -48 -29 48 
44 4 59 4 45 -39 -28 
-3 -7 -43 26 -32 55 -34 
39 1 -26 20 -59 -31 -40 

29 -37 -27 -26 56 -40 6 
58 -45 -1 -50 32 58 45 
-15 25 -57 -49 52 -20 -11 
-32 9 63 -38 29 -1 -24 
-16 -38 -50 34 51 -43 49 
50 -6 -4 -46 -61 -4 -19 


28 -44 19 -29 6 -41 -55 
-25 23 -38 47 52 -2 11 
13 -4 40 -23 16 -5 12 
-24 5 1 15 -36 27 -1 
56 1 -27 5 61 -50 47 
-54 -6 -31 -13 63 34 -62 

-10 -37 19 -28 -6 -36 16 
19 24 62 20 -58 -7 46 
-42 19 21 12 46 -23 48 
-48 -39 -54 35 49 -56 -9 
14 9 -5 36 -36 -47 -15 
-37 -2 1 -21 23 12 -50 


33 22 51 -8 -7 -57 -20 
31 -29 0 -24 27 -5 -7 
62 15 23 31 -27 10 -40 
45 -5 17 13 30 -47 53 
-35 -36 -16 -37 43 -57 59 
1 11 15 -18 -58 -32 59 

-56 11 -16 -45 16 6 23 
22 29 47 -8 51 62 40 
30 18 4 38 -35 52 57 
-7 12 -18 -49 -22 -35 8 
-48 18 -45 47 -28 23 21 
37 -15 49 -34 62 -33 -18 


43 -13 -2 -4 -8 39 -14 
-35 -31 40 4 -54 -40 -10 
0 16 -17 -21 -61 46 39 
-9 8 10 20 41 -14 -39 
52 -31 -39 -12 49 9 31 
-12 45 -15 43 -11 59 0 

40 18 51 -5 -49 -5 44 
-21 -8 -44 47 49 -3 -53 
-5 21 -39 -29 -24 -51 30 
51 10 15 -33 -61 35 -50 
52 -9 6 -17 -52 32 18 
-33 -18 25 -46 56 -24 -15 


-61 -12 -26 -46 45 49 58 
-39 33 33 -12 56 11 49 
21 9 -20 24 61 18 42 
0 -17 -38 26 -48 59 -50 
-45 -1 32 40 -56 -52 1 
-32 -23 -2 32 24 24 -6 

-21 -6 -13 -29 2 -42 34 
36 32 45 22 44 18 -35 
42 3 37 -43 62 -40 -8 
-56 6 -64 44 -25 45 2 
-59 30 -21 48 -30 -48 -59 
40 20 9 49 -38 9 29 


-42 37 35 -47 22 43 -43 
47 -11 -41 -11 -13 -51 -18 
-18 -19 44 4 -46 15 21 
-23 15 -41 -40 -60 -17 14 
-49 -4 -23 -3 42 -43 -62 
-28 -10 20 13 -58 44 38 

54 11 -54 -15 -29 27 -57 
-39 -9 -17 13 -37 -48 -53 
41 -6 42 31 -59 52 -48 
-9 -4 60 16 51 -20 -34 
60 36 23 37 -33 2 4 
-54 -37 -12 2 23 -16 -46 


-11 -34 -7 2 -62 -61 33 
-28 31 29 1 -50 41 -63 
-41 -41 -55 12 -11 2 -49 
46 -32 34 -46 63 0 20 
-46 -7 -39 -23 16 -30 54 
20 0 -53 2 32 46 20 

-7 36 27 43 4 21 -58 
-36 -3 -62 43 -20 33 -59 
-8 5 48 49 -22 11 28 
-51 -23 21 -23 38 24 -44 
-58 36 -59 -2 -22 53 -17 
31 -18 -24 44 23 62 -43 


4 7 46 -14 51 48 50 
23 -14 -61 3 26 21 54 
-28 2 -6 40 -55 -23 -38 
51 31 53 10 -47 56 -50 
5 22 5 41 -39 -64 17 
-35 25 1 -48 -8 -10 27 

53 2 20 -3 -40 62 5 
11 29 -17 -18 -38 -29 33 
61 -39 -52 50 27 33 -17 
43 13 -60 -10 -22 -13 36 
-30 -23 44 -33 2 56 -47 
10 -18 41 -11 59 45 44 


-16 37 51 -25 -61 -49 -54 
37 14 -60 17 -48 62 31 
-27 -7 -23 22 -34 -36 61 
-59 -27 19 42 51 23 -4 
-44 -3 45 -7 54 -42 -49 
31 -23 -18 36 14 -63 14 

3 21 -52 -19 -60 -48 1 
-19 -14 -19 8 -52 52 52 
-30 -21 -56 37 -64 -44 -46 
-61 21 -37 -15 -57 9 57 
-43 -13 -51 -9 30 -43 -36 
2 24 -54 5 -19 -26 54 


-36 39 38 -27 37 51 19 
3 -24 36 -37 -32 -63 63 
61 24 9 -39 -1 -17 -1 
57 3 63 -4 43 35 24 
-34 33 42 -36 -7 -12 -11 
-41 -30 40 -48 37 39 13 

50 46 -55 -34 40 -25 10 
-13 -23 40 -4 -48 -30 48 
-28 -30 -46 -42 -47 -37 -11 
-53 36 23 -2 -50 -1 58 
56 35 52 -36 -58 -57 -13 
16 10 -27 27 -17 60 -39 


4 -2 55 -33 -23 52 -27 
-14 -1 46 43 -32 -54 62 
50 23 9 -10 -43 0 21 
59 21 19 -18 -44 2 -39 
19 -4 2 5 -45 -53 59 
32 -25 -28 28 60 55 -54 

-41 -21 34 -47 -37 56 44 
25 6 14 35 1 22 16 
-2 -11 58 22 32 28 39 
-11 12 -41 -50 -46 38 49 
-24 11 16 39 -64 10 -3 
-48 -7 -29 5 -58 -5 19 


46 10 50 21 -20 -27 -12 
13 4 -55 14 -17 -3 62 
51 43 -1 33 -11 -14 -10 
-61 2 37 16 -58 46 -34 
-34 -35 40 -47 -56 -24 51 
5 26 -54 8 -36 47 -39 

54 -3 26 -3 46 61 16 
-23 34 -40 -14 -48 40 23 
33 23 43 23 -44 5 -44 
-10 -21 -36 31 -51 -11 -47 
-3 26 -23 -34 -15 -44 54 
-29 30 -9 25 -55 20 -8 


-35 -15 37 -40 -55 -24 41 
-8 -8 0 3 19 1 38 
-40 -16 -35 -10 34 -62 14 
-57 -12 -15 -1 44 49 -62 
-46 -2 -49 -22 47 -20 32 
36 46 6 43 -30 56 -22 

-10 32 16 7 60 -20 9 
32 39 -20 22 55 -23 -40 
43 -22 -9 -31 -54 -56 40 
0 -13 40 -32 -38 -43 55 
17 -17 -18 -4 25 38 30 
-50 41 -20 14 -36 -44 47 


-49 21 60 -12 44 -63 -27 
-53 -2 59 -30 -33 9 58 
-53 12 1 -37 -31 -3 15 
-51 44 44 -40 -21 40 -5 
-33 34 19 -22 -18 -44 5 
-37 25 51 -24 5 32 0 

-22 13 27 -24 -63 -36 -51 
-48 40 37 49 -59 7 -58 
-51 -2 52 -9 -53 16 31 
10 -15 -11 27 -39 -38 12 
15 17 -44 28 -49 -55 -44 
48 8 59 -5 57 -16 -42 


14 8 62 1 20 -34 -14 
-34 8 -58 42 52 -8 -46 
-41 44 -5 37 -12 -6 -26 
-50 15 -64 -20 -41 -58 -41 
8 4 35 31 -16 -34 5 
27 -18 -27 41 61 -27 -42 

-29 17 -46 35 36 36 50 
26 16 -35 50 -7 61 -52 
-56 24 24 -21 -22 42 -50 
-53 -2 -23 37 -49 6 23 
36 24 43 44 -15 4 -41 
-44 -21 -19 -33 42 22 -60 


-4 -30 46 -27 -11 31 20 
-47 0 40 23 -48 -35 -41 
37 -13 -62 -31 21 48 6 
-5 -20 5 13 44 -19 -28 
39 -30 14 12 21 16 45 
59 -31 28 -10 13 -31 -61 

39 -37 -7 2 17 25 -47 
-45 16 59 3 13 43 58 
-53 15 -38 50 42 19 -12 
61 10 -4 -48 -38 -9 20 
-21 1 -13 -10 -48 13 -24 
-6 14 -24 -9 -39 36 7 


8 12 30 47 35 3 45 
31 40 -31 29 -56 44 40 
51 -1 -60 -5 -53 34 -21 
62 3 -12 29 -21 21 -6 
-32 -16 13 -45 48 17 15 
-34 -36 17 -36 31 -59 57 

-26 -34 49 -3 -7 -7 34 
42 33 -11 32 61 25 14 
47 -26 -40 -43 4 -55 18 
-12 2 -30 -34 -29 23 62 
59 -12 58 42 26 -46 63 
-54 27 -12 -2 -35 22 29 


-12 32 30 12 6 53 61 
-53 -11 63 39 -42 40 47 
31 13 26 -45 -19 -8 32 
34 23 34 46 -52 33 21 
-45 -3 -18 50 -54 -56 -58 
19 3 -63 -10 -38 35 -28 

2 -7 -30 41 60 23 3 
10 37 43 46 36 -51 18 
52 -19 29 -10 38 -64 -33 
-30 10 5 45 -17 -16 27 
-8 0 38 -20 45 3 34 
-25 4 57 9 -50 -2 -10 


-10 3 -46 -12 -27 -19 -64 
16 -20 17 1 -46 -49 49 
-59 -34 -59 -5 34 -41 48 
-64 26 -1 16 -58 -48 -47 
-2 20 60 4 50 -63 63 
27 -33 32 27 58 -32 -20 

-16 -5 15 -44 -64 -37 51 
25 32 -25 2 -2 -22 8 
-57 4 48 -8 63 -1 12 
-40 -33 -62 49 -64 -23 -12 
20 -40 47 28 28 32 -44 
-64 -16 -3 -39 16 0 -54 


-48 1 -55 25 39 -55 50 
22 44 34 -30 -11 -40 -57 
14 36 -3 30 -27 6 -9 
44 15 17 2 -4 -13 37 
47 5 -32 -3 -23 29 -36 
51 17 15 31 -31 -32 -30 

13 -15 -22 3 44 59 -11 
0 -22 -4 49 58 -36 62 
-52 15 -22 25 -64 20 -36 
49 11 44 -15 53 -23 -30 
14 -29 19 26 50 61 -13 
29 19 -57 14 -34 51 63 


-50 11 13 20 -24 39 -63 
32 11 2 6 29 24 27 
-60 -1 -25 -46 -53 53 39 
-57 -5 12 39 -58 -50 -18 
-52 -4 -60 -48 59 -20 -29 
-40 -17 21 -33 42 -31 -57 

-59 -1 21 -21 43 62 40 
-20 33 -46 -35 4 -32 23 
-13 28 40 -8 -37 -3 35 
36 38 -55 -48 8 -36 -19 
-58 -31 -54 -7 61 50 49 
49 -17 -11 21 -42 -2 37 


42 -22 12 -15 -27 61 33 
5 -17 -8 46 -14 -30 -7 
12 -5 30 -9 38 -22 40 
25 6 6 -34 53 62 -51 
-31 -6 7 45 54 -27 -28 
-58 -15 53 31 55 -5 62 

-29 41 -46 -16 8 42 39 
-48 7 10 -24 -7 -22 38 
-53 -25 9 -17 -48 27 31 
-24 -32 6 -8 39 -48 32 
28 15 -52 39 54 22 -42 
45 -6 -53 -43 26 17 13 


-63 40 -21 9 -29 -30 33 
4 -31 29 40 29 -2 19 
23 34 13 24 10 56 -31 
56 -11 3 -3 22 -32 -27 
32 -15 -56 -9 -45 22 -49 
15 20 61 7 -55 1 -60 

61 10 -32 28 -45 -45 60 
-35 -16 60 -22 17 -3 -51 
45 -37 -62 43 37 -30 7 
-13 31 56 17 -49 52 59 
30 14 -16 11 41 -14 -10 
31 33 -23 -46 0 -30 35 


-36 -1 20 -23 -46 -32 -36 
-37 -26 39 31 41 -14 -56 
57 34 41 -43 -31 -2 -2 
20 -35 -35 47 3 -60 14 
12 37 -29 5 7 -51 26 
34 3 -18 -10 33 11 -27 

-17 26 54 12 -37 12 45 
-36 -6 -47 -20 27 61 -18 
-13 30 26 35 -8 17 -17 
-20 -10 23 9 49 40 53 
40 11 -40 -36 -23 50 63 
-28 16 51 17 -58 10 -38 


-2 41 11 41 -31 54 -26 
-36 19 54 -46 63 11 -52 
39 8 -43 -27 -15 32 -50 
-41 -24 -34 -13 60 -43 5 
-53 29 22 50 -27 44 -41 
8 -11 -62 31 29 -31 -45 

63 14 -26 -9 50 14 -42 
-17 17 25 22 25 -14 21 
18 23 -12 17 -27 26 -56 
59 32 17 -22 -14 -22 -63 
22 12 -26 -24 -29 26 58 
25 -10 24 21 -42 -22 63 


11 -14 -58 10 63 -42 -4 
-7 11 55 4 32 -50 -31 
-30 -1 63 45 49 -58 -9 
39 13 -44 -32 -40 -53 36 
60 17 -17 -34 -48 -17 -53 
-22 15 -5 -47 -36 16 -15 

27 -3 -28 -14 -51 -11 -42 
34 -29 -48 6 -1 -4 -49 
48 -36 52 11 25 -40 62 
56 -39 -59 26 -3 -43 -32 
-63 -11 3 50 17 -9 -3 
-12 27 -43 -20 53 -38 -58 


-6 -15 50 10 24 48 -15 
-41 21 43 -33 49 45 -43 
-11 -1 36 47 49 22 -7 
9 15 -48 32 -28 59 63 
49 -20 62 -26 43 34 -43 
-34 -27 10 39 52 26 7 

38 23 -61 7 -21 34 -38 
-47 19 -36 7 -11 59 -48 
9 7 42 -17 -34 45 54 
-42 40 -44 -25 -5 -16 46 
28 -7 14 -27 -64 -8 20 
-39 21 6 -17 -2 26 22 


-46 35 24 -36 -6 -16 -3 
-39 -39 -24 -39 -11 -20 -24 
-6 13 -44 12 -16 45 41 
-41 -18 -54 -16 7 -14 9 
24 28 1 -46 -23 22 31 
1 -12 -50 24 34 -40 -56 

46 4 -33 -37 -10 40 -41 
-36 43 54 -29 -50 51 -58 
42 -35 -26 24 33 5 51 
60 30 50 -40 9 40 -5 
25 3 8 3 32 46 -37 
-23 10 17 -27 -24 3 -3 


-8 -23 -58 -23 6 -10 -13 
-39 -45 -4 -37 46 33 -40 
-30 27 56 26 -59 63 -61 
-20 -23 7 5 -4 -61 32 
-63 -3 -25 -29 -39 -33 61 
-8 -21 24 37 21 -33 -22 

18 -17 -2 -13 8 -11 54 
-57 11 -60 29 17 1 -40 
11 -11 -10 -35 36 52 17 
-22 36 56 -15 -16 60 -49 
-34 -34 -64 41 20 -9 -57 
-47 -30 -53 -4 -58 -61 45 


6 25 0 5 19 10 -34 
50 -41 -43 -42 -60 -2 -34 
59 2 5 1 -37 -58 -58 
-9 7 51 -22 30 -55 0 
-42 28 8 -47 -34 -50 18 
27 13 -25 -46 -44 -38 -4 

-14 -26 -21 -5 1 55 -41 
32 -30 24 7 -19 -26 -2 
47 16 -28 -31 54 15 28 
34 7 30 3 41 -10 -54 
-6 -44 25 -23 36 61 10 
50 -29 61 21 42 27 -40 


3 -9 47 -8 46 62 -7 
-19 39 -9 40 -14 44 30 
-36 -31 25 31 24 8 -41 
-50 8 -52 -5 -16 4 -29 
57 41 -23 -43 -54 -62 52 
-6 -8 -57 9 -63 -44 -60 

-61 33 -53 10 38 44 56 
46 -21 36 -28 -35 -60 -12 
6 7 17 10 -24 28 -44 
34 -16 -63 16 27 37 53 
35 11 -53 -23 -46 28 51 
-15 24 -24 -45 -56 -23 35 


50 0 48 -49 -25 38 20 
43 17 -49 10 42 63 -11 
-4 27 -58 -17 -37 54 -2 
-22 -14 -29 -42 -60 -14 32 
-13 24 4 48 -13 11 -33 
-10 1 53 33 52 -39 55 

29 -5 0 -27 -46 32 31 
-26 1 -42 36 0 -19 11 
2 29 -46 -33 -40 18 4 
46 -14 -43 -44 51 -21 57 
15 1 29 -47 -34 47 -15 
56 11 23 38 61 45 59 


46 20 33 -45 43 4 -7 
-28 38 -21 14 44 51 56 
11 13 -49 -7 -31 48 12 
-45 10 -13 -8 -16 30 -58 
39 -42 -1 -14 35 15 44 
60 -43 13 -48 31 -64 8 

-9 20 18 -14 -53 50 -4 
-34 -22 -22 -48 43 44 52 
-51 -12 -59 4 -56 23 55 
-36 17 63 -6 60 -23 11 
-60 -1 -8 -47 52 -2 22 
-48 30 14 -20 -16 13 39 


-31 25 -5 28 -19 6 -4 
-50 -26 -14 -20 38 5 40 
-57 -17 -33 -23 -56 26 -59 
-36 -30 25 -22 8 -53 23 
-26 24 -19 -18 -57 12 23 
-26 -2 25 2 32 -14 45 

30 0 30 45 -4 -62 24 
36 33 19 -31 53 5 57 
-11 -32 1 -44 32 -32 -63 
-17 16 -1 -45 -15 -46 -12 
-49 -26 28 4 6 -34 24 
-24 -3 4 23 -51 -61 43 


-29 28 -38 48 -24 53 -63 
-54 -18 -33 45 54 -41 3 
45 -5 -29 -48 -41 -3 -63 
-50 -27 -48 -39 19 -17 -58 
-27 18 18 -46 -51 53 -30 
26 -45 -61 41 -7 -44 -62 

-40 4 44 49 -40 -9 7 
33 33 -7 1 61 14 38 
-1 -14 -62 23 54 46 9 
10 6 10 -21 -24 -61 44 
-28 -14 -29 35 36 -27 -6 
-52 3 -56 22 -54 18 -63 


61 4 -36 28 44 -34 35 
33 -29 60 38 0 51 43 
-46 -11 -22 -48 58 7 44 
-7 -34 24 -38 1 20 -63 
-33 -42 -12 -14 11 30 2 
-24 6 -37 34 36 52 60 

34 -8 57 32 -36 21 -16 
-26 5 -54 49 -45 -33 -37 
38 37 15 8 -35 8 -24 
-63 7 44 -25 -52 55 -40 
5 -27 -18 -21 -53 62 51 
-27 8 61 -26 -48 42 13 


