7 4

17 33 -16 3 -29 27 -28 
-20 -18 -33 -5 55 -16 -33 
9 -10 -45 -9 48 -64 20 
39 -28 56 33 -24 43 -6 

21 44 59 -43 48 59 22 
-16 -16 23 28 30 54 -41 
62 6 -59 19 44 -5 20 
57 -44 61 44 -41 31 28 


5 2 3 -32 27 -20 -61 
0 -38 -56 13 2 -21 -26 
29 -7 61 -46 -5 5 -46 
55 -15 -52 -21 4 47 21 

-51 -24 -29 24 24 26 25 
-21 -25 -50 10 10 -8 -18 
-1 -32 -20 -40 60 -37 -33 
-52 11 45 -49 24 19 41 


18 42 -46 -41 -11 -33 -40 
1 -24 -61 11 -29 52 57 
-46 26 -16 -30 9 -35 9 
-41 36 39 -24 -40 -38 -40 

-44 -27 -6 -12 -50 62 61 
-19 5 -3 46 46 0 -7 
-46 35 39 -1 -23 -28 -19 
53 -28 -61 0 33 -55 36 


14 1 54 44 -40 -61 50 
11 -10 -39 45 -64 -57 29 
3 -34 31 36 33 37 49 
-47 24 -32 48 -30 17 25 

-24 -9 -28 32 -4 -17 59 
-15 -35 -51 20 41 -47 3 
-45 39 21 44 28 38 46 
15 -35 -42 -31 62 -22 45 


-7 -19 -45 45 -28 -16 -46 
17 -1 26 -46 -52 10 58 
5 -27 -5 -32 -58 60 -23 
-17 -6 -1 -36 -20 27 53 

31 18 -2 -40 63 17 -59 
-35 3 19 28 -39 9 6 
-42 18 -8 -17 13 6 -14 
44 1 1 31 -61 28 56
