7 2

17 33 -16 3 -29 27 -28 
-20 -18 -33 -5 55 -16 -33 

21 44 59 -43 48 59 22 
-16 -16 23 28 30 54 -41 


5 2 3 -32 27 -20 -61 
0 -38 -56 13 2 -21 -26 

-51 -24 -29 24 24 26 25 
-21 -25 -50 10 10 -8 -18 


18 42 -46 -41 -11 -33 -40 
1 -24 -61 11 -29 52 57 

-44 -27 -6 -12 -50 62 61 
-19 5 -3 46 46 0 -7 


14 1 54 44 -40 -61 50 
11 -10 -39 45 -64 -57 29 

-24 -9 -28 32 -4 -17 59 
-15 -35 -51 20 41 -47 3 


-7 -19 -45 45 -28 -16 -46 
17 -1 26 -46 -52 10 58 

31 18 -2 -40 63 17 -59 
-35 3 19 28 -39 9 6 
