7 6

-55 -22 -49 20 -5 -59 -1 
32 17 23 -32 -56 28 59 
12 -11 47 19 54 30 -25 
6 -11 -21 -45 43 -38 38 
56 -24 38 -34 -31 34 -53 
47 3 53 47 -46 -29 8 

-54 -33 -14 -22 -7 40 -33 
-33 -12 -53 -10 -26 -39 17 
61 -41 30 -50 22 48 -59 
35 -17 -2 33 6 -35 47 
18 -30 9 10 10 -17 41 
14 26 -14 -3 -35 -25 -19 


-32 -3 -20 48 51 -14 11 
45 13 45 42 -23 9 -58 
35 34 -34 46 35 -21 -25 
-33 27 -43 25 13 -4 25 
-15 18 -46 -24 18 34 -13 
36 43 43 -19 -43 -24 13 

-20 14 22 -45 50 -44 3 
8 18 0 34 20 -49 41 
44 11 -5 40 47 41 -24 
25 -23 25 19 61 55 8 
-15 35 -16 13 -32 -50 -54 
40 29 -33 -41 -35 50 -7 


54 11 -48 -29 -35 8 33 
-19 -17 55 -25 32 38 28 
57 43 -26 28 -6 -7 -40 
16 22 32 47 -5 -8 -42 
-24 16 12 10 61 50 54 
-27 -18 -53 13 52 -42 13 

-47 -25 9 24 12 -47 -28 
-57 23 25 16 50 -52 -27 
-6 3 -33 -39 -5 20 18 
-19 -2 -15 -32 13 22 -7 
-52 23 -11 -23 -31 -33 48 
50 39 59 -22 8 54 31 


-16 7 -37 33 -38 -32 58 
-25 -34 30 45 -59 54 -42 
-8 -28 29 40 20 51 6 
-9 25 41 -1 7 62 59 
4 -23 -13 -37 12 -10 29 
-40 -34 -22 -32 26 42 -50 

-7 25 42 -12 10 -13 -62 
43 -1 -54 25 29 32 45 
-43 3 -49 26 57 -36 -30 
54 -14 -63 -5 33 -34 -37 
-42 14 -43 1 -51 -49 31 
31 32 -64 -27 53 36 -18 


16 13 28 -3 43 -44 -17 
-38 -22 45 16 34 32 45 
8 -6 -39 -32 52 8 52 
-47 -1 53 -34 -42 28 61 
-55 37 49 -30 8 16 -62 
30 36 39 3 31 61 5 

55 -9 25 22 24 60 25 
16 0 41 -23 38 -38 7 
-40 35 30 32 -35 55 -63 
53 -41 15 -9 61 -47 53 
-7 42 33 29 -64 33 39 
-40 -24 17 17 -46 -14 -17 


-58 -38 -19 -45 12 -36 -31 
-52 28 17 50 -26 -42 23 
-32 18 28 47 21 50 61 
-16 22 -25 14 19 18 -34 
-33 40 7 15 -2 46 -35 
-4 -18 46 -13 4 -18 14 

5 3 -62 32 24 -32 -63 
-15 -25 -18 -44 -19 -41 -44 
14 -37 45 15 37 25 6 
15 -21 48 37 -33 -46 57 
-16 41 11 21 -41 -34 17 
9 17 -43 10 -8 13 -16 


0 -2 21 -29 1 54 31 
41 38 51 -44 -27 10 -23 
60 -24 9 -46 -29 -39 56 
-26 5 0 -18 -6 55 16 
-8 36 -51 -47 -38 -20 31 
-29 -25 24 27 -52 37 44 

59 -24 -35 -5 38 50 30 
12 -4 54 -38 31 -19 52 
13 -30 35 -9 -55 22 11 
11 26 -7 -48 -23 -63 14 
-46 32 -13 29 -6 45 45 
-26 -46 11 -30 7 -26 -14 


-57 -37 -16 4 63 -2 -42 
-42 -2 22 37 -17 18 -14 
-10 6 17 32 60 57 -30 
32 -20 -47 -49 -57 -15 -18 
-52 31 -8 5 35 -64 -15 
-49 -20 -44 -15 -57 -11 -4 

48 -6 16 29 18 -42 -11 
-64 23 -60 -8 8 2 -45 
-52 20 -45 -13 -32 29 18 
44 -42 -54 12 2 -37 27 
-60 11 42 -43 3 1 45 
51 30 52 42 -56 -37 57 


-44 5 -11 28 31 -50 -15 
57 37 19 2 -45 -12 58 
5 -13 -13 9 60 35 50 
-13 23 -57 47 40 32 -45 
-25 33 32 26 -8 39 9 
19 21 32 -36 62 -12 -25 

-47 -26 54 -2 -22 57 -62 
-28 10 8 29 51 45 -6 
-48 27 57 -41 1 -7 -39 
-36 17 45 -7 11 -24 21 
-17 9 -1 -34 9 44 63 
-49 -7 60 -40 -36 -2 -28 


58 -19 32 38 51 8 -21 
-14 -26 -15 35 -7 -9 -55 
12 -33 -46 -49 37 -13 21 
61 -43 -56 40 31 27 -24 
-14 30 53 -17 3 -59 -41 
-46 -20 -26 -29 -55 54 4 

-7 -7 -58 42 21 -22 -14 
62 20 55 34 -43 -48 -25 
-61 1 -44 23 10 -13 36 
43 -22 12 18 -42 -17 29 
13 -30 16 41 -27 -58 49 
-29 -38 -25 -5 -5 50 43 


27 39 21 40 2 47 33 
56 20 -49 11 57 -15 4 
-23 -9 60 36 -58 20 23 
54 -30 40 -34 16 49 -37 
54 -31 23 -8 -35 -29 25 
4 11 37 -19 -61 -35 53 

7 24 38 -24 -14 -42 -37 
-42 7 26 49 -17 -16 26 
-61 4 4 -19 59 0 -47 
-30 36 3 26 62 0 15 
33 -28 41 10 -55 -55 63 
56 4 25 33 -8 -8 55 


-20 26 -37 39 -25 -22 -33 
35 28 -10 47 41 -63 40 
-51 15 -18 23 5 -30 31 
59 27 -62 -44 1 44 -24 
-29 37 -41 -34 -26 -4 -44 
-23 -3 -19 45 -13 50 -49 

8 42 -18 15 -27 -44 -21 
13 -11 36 -16 -47 -37 -33 
14 -30 -24 -36 52 -49 -9 
4 29 -1 18 -20 45 -23 
-1 11 25 35 27 -56 40 
18 21 15 1 -21 15 -43 


3 46 6 44 -40 -19 58 
41 31 24 -6 -23 -14 -35 
-47 37 26 8 -23 -29 14 
60 -26 -5 15 41 32 -8 
9 -21 -50 1 -41 -31 27 
44 33 -29 -29 -38 -40 -5 

24 -10 -54 48 -64 49 -32 
-59 7 -2 -37 -51 35 53 
-42 35 59 -1 -60 -56 -62 
22 -24 26 26 39 16 32 
-29 17 -19 -35 -42 2 30 
-12 -41 -3 -32 56 33 4 


-35 5 41 -19 -24 60 3 
6 -2 -30 32 3 18 35 
13 -42 -28 -38 5 -49 -23 
0 2 -35 -23 -34 62 6 
36 -40 13 -19 -9 13 -47 
38 30 45 44 32 32 24 

20 45 -10 17 -41 53 2 
18 -9 27 -17 -60 60 47 
11 -21 59 5 -31 -58 -15 
46 15 -10 46 -64 26 -45 
-37 9 7 -33 10 -49 -4 
55 23 -33 -2 23 -38 6 


-24 10 39 -40 -55 50 16 
2 -37 -63 45 -7 -56 -10 
27 -42 -4 -36 -53 -12 3 
-8 10 -63 25 40 -8 -7 
26 -13 29 12 -2 -43 56 
-51 -20 -54 -28 -35 -52 -5 

-29 15 -14 30 -60 -18 -3 
-27 -21 26 40 6 -25 25 
-43 41 63 -16 -23 52 -9 
34 15 -52 -35 -27 9 -24 
-39 1 -61 31 -42 -16 40 
-49 -14 5 22 -13 0 26 


-41 -22 -19 40 36 -46 18 
-19 -28 -61 -10 -17 39 -47 
54 21 30 -35 22 27 50 
37 -18 -12 -21 37 -49 0 
50 -30 33 -27 0 38 44 
42 3 63 41 10 9 -28 

55 -10 -36 -16 53 -55 5 
41 38 -24 35 23 50 -2 
44 15 0 38 -5 60 17 
-31 32 -14 14 -49 17 -14 
-53 34 25 -1 -15 41 -57 
5 30 37 -17 -31 36 -39 


57 -2 9 43 -52 41 51 
-37 -7 -39 -44 55 34 63 
14 -30 -15 41 27 11 62 
31 -15 1 -20 19 -62 -24 
-34 33 5 -13 9 -64 -23 
-40 -36 -36 -4 -2 6 13 

22 38 36 47 56 -62 54 
-61 12 51 26 -14 23 9 
18 -19 61 22 57 48 -16 
9 30 -48 -28 48 -59 26 
-30 3 -58 22 17 18 -57 
8 17 -43 47 33 62 8 


2 42 -38 37 -4 -56 1 
-42 -4 -35 -44 -6 11 8 
-37 19 37 -15 -48 -62 5 
-47 30 -33 30 13 52 54 
-10 35 18 21 -13 -46 -11 
-3 25 31 -41 45 38 48 

23 18 14 -39 -4 40 62 
27 -4 -34 47 -63 -64 48 
-44 22 -45 28 -16 -41 -64 
59 -28 -10 41 -51 -30 -37 
1 -40 31 35 -31 49 7 
-4 26 -39 37 -27 22 52 


58 -16 -11 -23 22 61 -43 
48 18 35 42 -4 -43 55 
21 -33 -25 47 27 12 -16 
55 -33 23 -27 -2 24 -63 
52 -26 -61 11 13 60 -56 
12 24 35 -14 46 26 -48 

4 20 -9 48 61 59 3 
-17 -43 29 -38 -13 60 10 
-6 -7 -25 -27 -44 -17 3 
63 1 -32 32 -22 33 -61 
-45 27 62 16 23 -32 63 
-28 -24 -46 -39 14 -42 36 


61 -16 42 32 -26 6 -10 
-32 -19 -30 -15 -55 41 -35 
-3 -30 34 27 -61 -44 -5 
-12 29 -11 49 -64 -41 12 
8 -23 -29 -47 34 29 -62 
22 27 35 -39 -6 -53 -31 

-57 -22 11 -21 57 17 -63 
8 -12 -19 40 33 15 -39 
1 -17 -27 -1 -49 -32 -61 
-61 -21 -57 4 27 -19 -61 
-22 37 -43 -33 -44 15 -49 
-58 -10 -41 -43 -15 22 -35 


-25 -6 35 -21 -36 -54 5 
4 -12 39 -45 -59 63 -38 
34 -11 -34 5 3 63 25 
-18 16 -7 -14 -51 31 -27 
-34 41 -40 -24 -30 -10 54 
-40 -27 49 25 58 28 -61 

-53 -43 53 44 55 -20 33 
60 31 31 -2 15 -33 -23 
-60 -3 -26 50 20 40 -48 
-5 21 -3 33 23 -27 -3 
-44 30 10 -14 23 28 45 
-29 -25 1 26 -36 -18 -11 


50 28 -31 -41 -21 -61 -3 
-42 -8 -46 -34 -30 -59 -54 
-3 -28 -10 -46 -15 55 -38 
32 -6 20 49 -29 25 60 
-5 -38 24 47 -49 18 6 
16 41 47 -7 -54 -30 -44 

-40 -18 -12 -4 -42 10 33 
31 9 3 -45 37 33 -14 
-51 19 -39 47 20 -62 6 
29 -19 -2 -39 44 16 60 
-12 34 -33 -9 7 -47 -60 
-30 -11 -9 17 -49 56 24 


56 -15 0 -29 61 -28 -63 
-23 -8 -11 49 47 -52 -48 
-57 2 -50 50 40 -56 52 
28 -44 55 23 -9 46 -15 
-20 44 -12 32 -62 -61 42 
62 -31 -20 -31 -31 0 16 

-4 10 -48 35 -4 34 -38 
-21 -46 -3 -32 41 21 -18 
-6 -17 -22 -32 41 -20 -49 
39 -19 5 3 1 -3 -38 
49 -35 2 -4 62 -26 50 
48 22 48 43 -25 31 37 


-26 -8 -37 30 8 62 -57 
55 20 63 -40 -20 10 32 
-23 32 -36 -29 -3 50 55 
-12 13 49 -12 -30 49 36 
41 -3 52 -35 52 17 -60 
4 22 34 -30 -32 -21 42 

-57 -45 -19 -50 -48 40 -26 
-4 -15 -58 -43 -41 -12 53 
60 -22 32 -50 -23 11 38 
52 -19 -45 -1 -51 -43 48 
61 -10 33 -50 23 5 -50 
55 -8 -12 -29 50 14 -45 


-4 0 -37 48 47 -14 28 
49 29 42 -45 7 -48 -31 
48 -42 -29 36 -27 -39 39 
34 -1 -53 -23 14 -32 63 
-52 42 46 -31 -60 -26 -64 
7 8 -44 44 39 29 44 

44 12 20 46 -42 58 -31 
-60 9 7 30 26 -55 -57 
55 5 11 -45 4 -28 -48 
-7 25 -44 26 -55 -46 26 
-13 29 -6 -14 50 21 41 
5 -25 32 -50 47 10 -57 


-58 -22 47 24 22 22 -61 
-52 13 7 27 9 -64 -2 
38 3 -28 24 -12 63 -9 
46 -29 18 -29 22 24 -39 
-1 -37 -44 -49 42 6 37 
-14 -27 25 -30 24 14 -33 

-51 -27 31 30 33 61 -12 
-64 22 -64 11 -36 -50 7 
-32 27 -25 -20 -23 46 -56 
61 -16 10 -24 -18 -59 -57 
-34 23 -4 -37 -56 -58 3 
-8 -28 -52 37 -30 47 -56 


-50 11 53 -45 -61 -37 12 
23 42 -24 17 -61 -20 -22 
37 7 48 -48 29 34 52 
-22 24 -58 37 16 -58 -18 
43 -25 -52 -13 50 17 -24 
-37 -27 -32 -26 6 -26 -53 

-42 -22 -56 -27 54 61 -8 
31 9 27 -24 62 -58 -28 
61 -3 24 -39 -46 37 61 
51 5 53 -42 34 -18 -34 
57 -19 -32 6 -13 -8 56 
-31 -25 -49 -12 49 -36 -6 


34 45 21 34 20 1 49 
-8 -5 38 -37 -24 -5 61 
57 27 -33 46 -13 29 -5 
57 -44 61 44 -41 31 28 
-4 -41 31 46 5 37 5 
28 27 14 -14 45 45 -32 

-45 -3 -19 48 -45 5 45 
13 33 44 -33 -48 -22 27 
-55 32 -8 44 -29 -8 -58 
-27 24 -53 31 -64 -35 5 
33 -44 -8 -25 -50 12 -19 
-60 -10 44 32 -47 -6 -45 


-43 -6 2 49 -39 8 1 
-60 -16 1 -39 43 -61 -53 
42 19 -47 46 -33 30 -44 
-13 16 24 13 56 -25 -11 
-27 16 18 -3 12 -56 31 
42 25 -43 11 -34 1 12 

-31 -17 62 -42 20 32 -8 
40 15 -50 45 63 16 -58 
60 7 10 -12 -59 -61 6 
-9 32 2 -4 60 -27 -23 
47 -17 -6 17 -58 42 55 
-16 -31 -27 -7 -34 42 20 


61 -28 0 18 5 -15 -38 
60 -7 5 -49 -5 -40 30 
3 17 -51 -39 43 32 -22 
-23 14 22 -19 -29 4 33 
28 -32 59 20 30 47 -33 
44 17 -44 12 -43 -55 1 

53 4 -51 -30 9 34 -64 
-19 -34 -31 -48 4 -59 -40 
26 -39 20 -12 -18 -62 -23 
-37 -10 -34 47 10 41 19 
-49 38 34 -2 -38 45 48 
51 31 -21 -1 -53 -21 11 


63 -11 1 11 -40 -39 14 
-5 -30 -32 50 -23 -5 -27 
-14 44 34 45 54 -55 34 
40 -29 -1 -41 -23 42 -53 
-58 30 -7 11 -52 -13 25 
-29 -30 -23 13 0 -61 -17 

-39 -18 56 -40 36 -7 36 
26 28 50 -20 -49 41 3 
57 5 -35 50 14 -3 -28 
-20 23 18 -13 14 60 -19 
27 -36 15 -8 34 26 12 
0 7 46 -39 60 6 50 


-41 -37 40 -31 13 36 37 
-44 -44 36 26 27 -41 46 
-39 37 11 9 -35 16 -35 
42 -24 -24 -19 48 14 59 
16 -39 21 -5 1 61 40 
60 7 55 39 23 25 -59 

-61 -24 -58 32 27 18 -29 
21 24 26 -39 -34 -14 6 
9 -43 18 48 16 40 -4 
-26 37 19 -1 10 -33 -56 
-14 11 35 24 -16 -9 -40 
-14 -34 59 -3 -37 -55 2 


14 36 -9 7 15 -13 -14 
-10 -27 47 3 18 57 -36 
-38 2 61 17 39 44 -44 
-49 7 -3 45 50 -63 21 
61 -42 -48 19 -12 -19 14 
-8 -41 34 -43 -2 53 -24 

-43 -41 62 10 19 -60 -37 
44 40 -33 30 22 29 -2 
-28 -19 2 -50 1 -14 -31 
11 41 31 41 57 -39 -31 
29 -25 -46 -45 12 -21 -5 
-25 -29 -63 5 47 51 -37 


17 8 -57 50 -46 -36 -36 
59 35 -43 -30 -57 -42 39 
15 -15 -63 26 -12 -43 27 
57 -27 27 -6 18 62 25 
43 -42 -45 38 37 17 55 
-29 -42 -49 24 -38 27 29 

61 -44 -64 29 1 -59 21 
60 28 -44 12 -16 -13 -31 
0 -19 -29 -33 15 -27 34 
-39 -31 -17 48 -10 -2 -42 
32 -29 -36 11 -7 -17 -15 
32 20 -47 1 55 -19 -52 


-20 -45 22 -34 35 57 28 
-63 27 13 35 -28 -14 42 
10 -17 61 -5 -53 -26 35 
47 -42 -11 -22 17 -38 -35 
-48 19 27 -3 -7 56 -33 
-45 -17 6 2 0 -19 -6 

38 -31 15 45 -46 2 -24 
39 18 -46 49 9 -48 33 
21 -28 -21 -11 62 -47 26 
-19 38 -35 34 54 -22 -46 
9 -27 2 -6 58 -5 20 
30 34 -26 -22 35 55 -9 


28 27 -3 36 -58 -22 23 
-45 13 -58 -41 63 44 -24 
61 35 36 -33 -48 11 28 
-44 18 42 -18 -37 49 -30 
-35 45 60 -15 -40 -51 -51 
25 39 46 -30 -43 37 48 

-51 -21 60 34 -29 -23 39 
28 14 -36 29 25 55 -50 
9 2 55 -30 34 26 27 
-24 18 2 -3 -28 -20 43 
-29 35 22 0 16 18 49 
9 40 -17 32 -29 38 2 


-8 7 -16 24 24 -25 -54 
-50 0 -26 -21 57 -8 59 
-3 -23 -61 31 24 41 7 
-17 28 26 -1 57 2 -64 
-49 29 59 -10 -44 47 -27 
-39 -29 -33 -5 -4 -19 34 

61 10 37 44 41 31 -17 
-30 -17 38 39 42 17 14 
62 39 59 -5 -48 62 -37 
-41 35 -39 36 -5 -56 49 
6 -41 52 13 -33 -13 -64 
-53 6 13 48 -5 -7 29 


-59 -7 2 43 -61 -38 -58 
17 30 0 49 56 5 56 
2 3 61 -31 -38 -41 -53 
-3 35 0 31 37 -44 -52 
-4 18 48 37 -23 -59 -18 
13 11 26 -45 5 -5 -44 

-63 -20 60 39 -28 15 34 
-41 -34 -16 -21 44 -47 -43 
-4 -25 -1 -44 55 -58 40 
15 -28 13 41 28 -16 -30 
-53 17 -43 8 -29 -59 -19 
4 24 12 -46 -28 -26 -27 


34 -3 -29 -47 -30 43 -46 
-44 31 -31 -43 7 23 23 
-30 44 0 42 26 -42 -47 
26 -17 30 35 62 -57 44 
-25 25 43 31 18 49 21 
-17 -30 -4 -19 -8 -19 -18 

-62 -8 -1 13 -19 43 41 
13 15 -48 45 6 -30 39 
-5 -46 5 -45 -38 33 54 
32 -25 -30 -5 22 -64 -34 
48 2 57 -44 -20 -25 -64 
-46 -29 -50 1 5 10 47 


43 11 27 32 -33 39 8 
-15 -31 -14 -4 43 52 -64 
45 10 44 -36 -62 -4 -9 
-11 30 -10 4 -31 1 -58 
51 -11 -38 14 -7 -52 47 
-46 -23 -46 16 10 31 63 

42 41 -50 -47 -2 31 -29 
-53 2 34 41 14 56 -58 
29 -40 -9 -32 60 -52 14 
9 5 34 26 -26 33 61 
-62 -15 45 -31 49 1 27 
-60 -39 41 39 13 30 -8 


57 -33 -23 -39 18 22 46 
-18 -18 -3 -42 48 21 -21 
14 -12 -54 29 -39 -46 -38 
53 -19 0 3 33 10 -32 
-51 36 35 -25 13 -7 3 
58 21 15 36 40 -20 -33 

-34 -22 -54 38 47 40 -38 
-17 -36 34 11 22 -36 63 
14 -45 0 -20 45 -54 -53 
-17 41 -43 -22 5 15 -52 
54 -32 -54 22 -8 -57 28 
-47 0 10 31 -9 12 -46 


12 45 -20 23 -8 15 -45 
44 23 -38 -4 11 15 -12 
-31 39 63 -12 -61 -7 -45 
12 15 44 45 59 11 16 
28 -24 -11 -14 28 -50 33 
-36 -36 -36 19 4 1 63 

4 25 11 1 16 -52 52 
55 -3 61 34 -3 24 -36 
14 -7 -57 -12 53 -45 -54 
25 -26 1 -44 -36 48 -23 
28 -13 -43 -35 -22 24 -19 
-35 -13 33 -18 -11 45 -42 


28 20 36 26 10 -15 -33 
15 41 22 -50 12 -58 16 
-39 16 -30 -15 -47 35 44 
-57 -39 34 -18 -6 -64 -30 
28 -21 -53 20 -60 60 -30 
31 10 -14 -10 29 18 2 

31 27 -11 14 -39 57 -5 
-29 -25 -42 -4 -24 2 4 
23 -2 53 -30 -24 -56 -32 
-62 -44 -42 47 23 25 -5 
39 -4 33 -31 32 35 -26 
61 39 22 29 -42 -39 -39 


-48 -18 7 8 -12 17 9 
41 16 -57 -2 27 -46 1 
-30 31 -54 8 35 45 26 
-34 24 46 -43 56 -37 -2 
-33 7 -62 41 -60 -50 21 
-50 -6 -24 -38 -27 27 3 

-4 40 -4 36 10 30 51 
44 17 -64 14 2 59 -3 
-45 36 -11 33 -18 32 57 
-22 29 -28 -26 42 27 55 
-5 -4 32 39 46 10 -52 
36 8 -63 24 36 34 -23 


4 11 -30 29 56 -56 -62 
-10 -42 -8 -39 -57 62 25 
-48 19 -11 8 47 -52 35 
33 -39 25 -2 46 -62 -48 
-12 28 -34 -28 9 31 -53 
26 44 -58 -22 58 56 16 

-24 33 37 -38 14 -3 5 
51 25 47 50 16 34 -48 
-53 24 -64 -10 4 -34 -15 
59 -36 44 3 -59 -23 -38 
-13 28 -30 -22 27 59 26 
48 39 27 10 -60 63 -11 


-45 -3 -12 45 -23 -6 -40 
-17 -25 24 -50 -53 -45 -29 
2 -30 -44 -27 21 16 35 
41 -30 -1 -36 21 -23 8 
48 -17 0 10 30 -7 -21 
-32 -34 40 -36 34 57 20 

-28 -14 40 -42 -21 -53 33 
-43 -12 31 46 -49 25 -30 
57 -34 2 -50 51 5 -9 
-26 22 -61 43 7 53 -21 
39 -21 -15 31 39 58 -21 
-54 -25 48 29 41 -29 56 


-38 -2 58 -40 54 -61 -7 
-16 -18 -21 -29 -9 -28 30 
-60 28 -12 24 28 44 45 
28 -19 -42 -42 -3 -29 -1 
36 -9 11 22 2 -27 59 
-36 -17 23 10 12 2 -28 

-12 2 -22 47 -32 12 -31 
-20 2 -40 -48 22 -24 -28 
48 -43 27 -48 1 -45 -11 
-22 10 41 -21 62 -22 21 
38 -21 12 14 -9 49 28 
49 27 36 35 -38 52 48 


33 39 -61 -4 63 20 15 
17 16 46 -33 -48 47 -36 
22 -28 12 33 9 45 6 
41 -39 54 39 16 42 43 
25 -39 -62 15 -9 31 -23 
-26 -13 49 -9 -21 -14 -59 

21 15 28 29 21 19 -40 
-49 -13 -44 -37 46 61 -55 
-42 17 14 -9 -29 57 30 
19 -32 35 43 -53 -33 9 
-20 30 -63 -2 -63 -55 -12 
53 7 35 31 -43 60 -19 


-47 -16 -59 -47 -13 -42 -5 
5 -27 19 -37 16 59 -58 
-33 30 -17 -41 3 -63 -7 
-3 38 -6 26 -22 56 15 
22 2 9 37 -43 -21 -32 
36 35 -16 -3 -62 39 -12 

-59 -17 55 -33 26 21 42 
43 45 46 -25 -21 -16 40 
-40 13 -17 13 21 47 45 
34 5 -48 -32 -21 10 58 
-28 25 63 32 34 20 49 
48 3 60 20 -26 -19 -47 


23 -16 6 -47 -48 15 -2 
10 40 23 -41 54 24 0 
-24 20 47 15 -64 27 -63 
-56 -36 -18 45 14 -32 -54 
-33 34 -15 38 -29 -21 -57 
-43 -26 40 13 35 -47 -54 

61 -2 -26 -40 -17 17 11 
-5 -23 61 28 52 -21 -10 
-58 33 4 47 22 2 -35 
-53 5 33 -23 -43 -4 20 
-58 38 25 -33 -28 -40 -62 
37 32 54 -8 -37 -12 -46 


5 6 -37 19 45 47 21 
-24 -35 -35 7 -5 -62 -53 
63 11 -1 -10 -45 9 16 
56 -5 40 -30 38 53 -39 
16 -28 51 3 -4 63 -56 
33 21 52 -14 57 39 53 

60 -8 17 35 -36 19 -9 
19 3 9 -39 -12 -27 -52 
18 19 -58 -40 1 10 51 
29 -36 -17 -48 -22 50 21 
17 -24 9 16 19 -15 26 
42 33 -9 -12 52 35 15 


15 -19 57 48 61 35 -1 
-42 -7 -39 -47 2 9 47 
49 4 -9 35 -28 -12 -56 
47 -21 -64 32 48 -8 3 
33 -11 -52 -42 37 -46 3 
28 22 11 -26 -24 -58 0 

50 -5 -35 -45 2 55 -16 
-24 6 10 49 -28 44 -60 
-12 27 -22 -44 45 -6 -23 
17 -19 50 38 -39 -2 -17 
52 -20 -9 5 25 -23 -21 
-13 -1 39 -46 55 33 33 


-61 -15 -39 -33 43 -58 50 
-51 3 24 47 0 -36 -41 
27 -9 59 -44 -27 41 -42 
-35 22 22 -21 -60 3 -59 
17 -6 6 26 6 51 57 
38 32 49 -11 -29 -63 20 

22 3 45 44 30 19 30 
-61 9 58 34 5 -51 36 
41 -11 -51 44 -36 45 -13 
-59 -41 24 -11 -11 56 40 
35 -23 -30 41 0 58 -34 
31 18 -63 15 15 51 -26 


36 20 54 -5 42 47 -50 
42 38 56 -10 -60 -26 4 
17 10 0 39 -2 31 46 
-55 -35 11 -33 -11 40 -55 
-40 28 -25 30 -12 -38 26 
33 21 40 27 63 7 6 

-34 -8 56 -44 -34 -10 -57 
-26 -11 6 45 -48 53 -61 
8 10 61 -23 6 49 53 
51 -17 -40 26 -18 14 -14 
-3 10 -41 -42 -63 -14 51 
-44 -28 38 2 -29 42 57 


11 44 -14 18 -29 -32 -55 
-51 15 -23 -44 53 -1 -17 
-18 -3 22 48 -52 -3 18 
26 -13 12 48 -62 -51 20 
-17 12 47 25 4 6 17 
54 26 -33 -17 -29 -16 61 

-57 -27 -42 -37 54 -27 49 
43 36 -32 14 -20 -23 2 
-58 18 -57 -8 13 -49 -58 
39 -24 -53 -43 50 36 48 
-39 25 61 26 51 -21 -38 
53 10 42 26 49 -22 6 


-42 -29 12 -12 8 -35 50 
-10 -33 -38 8 -46 10 5 
-49 18 -31 29 -16 -57 -2 
48 18 2 30 -8 -56 -53 
-62 14 21 -30 47 -23 21 
40 17 13 -32 17 48 48 

17 18 7 11 -12 47 -20 
-25 -37 37 -6 39 -39 -61 
12 -15 -50 -41 -17 10 43 
-7 20 47 35 -15 13 21 
-9 25 -32 -41 -6 -56 -2 
16 33 -23 24 13 18 8 


-35 -6 -28 45 14 33 47 
61 35 -33 -48 -29 -2 -19 
-1 -13 21 18 -33 -45 60 
48 -15 56 -9 -49 32 50 
20 -18 -39 5 31 -46 60 
-30 -18 14 35 51 44 49 

-54 -2 -56 -40 -48 -56 1 
-41 -6 -34 -34 -56 52 -4 
18 -38 40 10 43 25 -63 
-46 -36 16 -44 14 53 -55 
28 -18 -40 -15 -23 -43 -20 
51 4 -36 -40 -14 -34 -1 


29 20 -56 43 -28 -50 45 
41 26 -32 17 -4 -40 1 
48 35 37 -39 63 -46 59 
63 -3 -42 28 34 -40 -43 
-19 30 11 36 16 -1 -46 
40 36 -18 13 5 24 -41 

-37 -5 -22 24 37 53 50 
55 13 -37 12 51 24 0 
35 -32 63 15 46 -60 2 
-49 -19 -4 -50 42 18 42 
-26 15 14 6 -47 61 9 
-22 -31 42 -11 43 37 -16 


-56 -32 -15 -13 -4 -12 9 
-56 20 -10 -26 -20 57 -32 
-32 29 -18 -46 44 20 57 
-17 33 -35 -18 45 -32 9 
-47 26 -34 23 34 29 -34 
60 29 14 31 45 -58 -47 

-34 -33 35 -27 21 -58 32 
35 21 48 -48 -38 23 50 
-25 -14 51 37 -14 -29 13 
36 -23 14 45 -20 -48 20 
52 -25 -46 26 -23 60 -6 
39 21 55 35 -14 5 2 


-11 -11 -45 18 22 -51 -60 
0 -32 15 -40 -21 45 0 
-47 10 -6 -17 -63 16 -56 
-37 11 18 -34 -42 45 -4 
60 43 39 -23 -26 26 -59 
41 28 -45 23 61 51 -62 

-5 5 7 -40 4 3 30 
33 -8 -55 43 10 -32 -23 
35 -23 -45 4 33 -36 -17 
-30 18 -51 -1 38 -7 27 
46 -31 32 -21 -15 -5 23 
-18 -17 25 -11 -45 -64 30 


-48 -13 -24 -1 -58 -58 -63 
-24 20 -43 -50 19 7 21 
-61 31 8 22 -28 47 9 
23 36 40 42 -60 -5 -33 
9 -35 58 12 -64 -53 -47 
-40 -40 40 34 -11 35 -18 

59 -37 60 15 24 14 -40 
31 6 47 -48 63 -57 -43 
52 12 35 -32 -44 -53 -50 
-14 28 21 -11 -4 -35 -52 
22 -10 -54 -29 -49 -63 -19 
-45 -28 34 4 36 56 -25 


50 -1 37 32 -39 -17 1 
-46 44 20 45 -55 -10 54 
-13 1 -57 -22 29 40 -3 
-33 5 3 -26 37 39 -59 
37 -45 20 -29 13 -32 -45 
-63 5 37 38 24 -7 -55 

-16 36 57 -42 -36 33 -16 
-21 -39 4 -26 17 61 60 
-29 40 16 14 -63 -43 52 
-54 -5 40 -23 -64 -20 15 
-51 16 -35 27 48 -61 -63 
-42 -17 -18 -5 -55 10 -42 


13 43 49 -14 45 57 12 
-34 -27 45 17 25 -18 31 
28 -45 4 -30 -21 51 31 
-62 -24 54 -10 57 35 62 
60 -37 -35 29 47 -34 -30 
-38 -24 -38 -14 51 -23 6 

17 40 38 -28 -53 43 -12 
-63 24 27 20 -26 -32 20 
60 -33 9 -47 53 -32 -64 
50 -28 -19 -5 -8 8 -36 
-14 37 -32 -21 12 -62 44 
25 21 -9 -18 -33 10 1 


-13 21 56 -34 -58 34 -9 
50 15 12 36 17 56 -35 
-59 7 -37 41 61 17 41 
-14 33 -61 -8 -63 12 60 
-45 38 25 -47 -6 -30 36 
-15 -10 10 12 -33 -10 58 

-35 -23 -21 31 -38 25 47 
-4 -29 33 -28 -56 -27 37 
56 28 -55 31 -14 -51 5 
41 -34 38 45 41 -53 -21 
-37 40 44 -18 15 5 -1 
26 11 -14 -26 -56 49 18 


31 28 -22 -37 13 -27 -55 
60 5 63 26 -20 -38 -46 
10 -31 -31 18 -41 16 -38 
41 4 6 22 -16 -44 -4 
59 -40 39 -40 -54 61 42 
32 20 -26 2 46 23 41 

29 39 -37 -8 -14 14 30 
31 40 48 -38 -25 -31 19 
-16 -17 41 26 10 21 1 
-11 19 -37 -34 -40 34 52 
14 -30 56 22 22 59 4 
11 29 38 -21 -15 -51 45 


63 -7 6 26 5 -18 22 
-16 -20 55 -35 -59 50 -21 
33 7 -12 21 -41 52 -43 
48 -39 -32 -5 57 23 39 
6 -23 -28 -10 2 4 49 
41 39 -36 -15 -46 -2 15 

-56 -10 -10 -25 -64 -57 -49 
-30 -9 55 -24 -9 -31 -10 
-56 34 -23 31 40 -48 5 
23 -11 28 6 50 60 -29 
24 -20 58 -39 62 -14 -14 
7 20 55 -14 -42 16 17 


0 12 -53 15 45 55 15 
27 30 -8 16 -6 -43 -31 
-62 15 -6 -27 7 -16 -62 
-63 14 -8 43 -5 28 -49 
-30 30 -43 31 -18 -55 -36 
18 21 -45 22 -49 -7 -22 

-19 -23 -2 -46 -25 -57 -29 
-7 -13 59 -44 -47 -13 36 
-7 32 -39 -48 10 -29 -31 
-60 -14 -16 44 -37 17 -12 
-49 28 -26 -19 54 51 -59 
-2 -35 32 -48 50 52 38 


-22 -8 -9 44 5 32 -45 
-13 -44 -61 19 -31 14 -7 
-58 23 47 -34 52 -14 -26 
62 -5 -56 -44 10 -49 63 
-30 24 -17 -18 -44 -32 34 
-3 -26 25 -27 21 -64 8 

31 16 -17 -40 13 -64 60 
-58 36 -26 -37 30 1 28 
29 -19 50 -1 -14 -31 -55 
0 33 61 -35 31 39 -3 
-45 7 63 35 -22 9 -51 
-25 -19 -30 26 47 -12 54 


50 24 25 42 45 60 14 
-44 -23 58 35 -31 42 0 
-16 -9 22 26 39 -28 42 
-27 34 10 21 -39 -31 -16 
60 -25 32 -20 -61 -3 26 
-20 -34 -25 27 -60 5 56 

-25 -16 18 -38 -55 -20 -60 
-31 -34 -14 -2 -49 -8 -38 
23 -38 14 -13 -12 14 45 
-50 5 50 -42 -30 -33 38 
-17 38 -34 -36 -11 -20 -16 
20 33 -7 27 10 27 -15 


40 -30 18 48 52 7 35 
52 31 -13 -5 -19 44 -64 
-5 -3 35 29 45 -62 51 
-2 -38 -36 -49 19 16 -39 
-35 25 42 11 -59 -56 -63 
49 15 7 -6 -39 -13 33 

21 24 4 -44 -15 7 -52 
-7 13 -63 -22 35 57 -57 
60 21 4 -7 -45 -43 47 
44 -38 43 34 57 4 -59 
-29 28 41 17 39 -60 61 
-37 -14 -24 35 -10 21 26 


-57 -25 46 12 -36 -20 -58 
-4 -32 54 2 -14 31 44 
-43 20 -19 -2 12 -5 47 
33 -17 -5 -41 -60 37 -58 
40 -8 -16 31 58 55 44 
-15 -5 38 -39 33 41 -23 

-28 -20 0 -1 30 40 -30 
41 39 -54 -36 24 -2 16 
11 -19 17 28 18 41 -43 
36 -32 -49 -17 14 33 -53 
57 -27 18 -40 61 32 -37 
43 19 27 -22 -2 -1 43 


-58 -28 0 -34 -41 27 31 
-14 8 -60 -28 -51 -60 -53 
2 -17 11 43 3 -61 -58 
-41 1 48 -30 -38 48 45 
52 -31 29 -35 -24 0 -58 
19 11 -33 7 45 60 37 

55 -21 -42 -34 24 29 54 
11 -11 40 -50 -34 -54 -45 
-41 -9 -56 43 -22 61 7 
-23 30 1 6 -26 6 8 
21 -26 32 -12 -52 -40 41 
47 36 -57 -41 54 45 -62 


62 0 -41 -45 -2 46 -14 
-39 30 31 46 43 41 3 
61 24 17 -19 -44 -10 -36 
-31 41 -28 25 -12 -63 42 
60 -12 -40 26 -35 35 -33 
19 5 -49 29 13 -17 40 

23 36 -61 -47 -51 46 25 
-40 -20 21 37 -5 28 -14 
34 6 49 -48 40 -14 -42 
23 0 7 44 -45 -49 10 
15 -16 15 -3 -45 -47 -55 
47 29 25 3 -30 40 -32 


42 -12 -11 -32 -30 -18 61 
-18 -35 39 36 52 41 -43 
-18 -12 26 37 55 48 3 
-20 -3 -57 40 -54 -36 -1 
-24 42 -51 -21 24 39 -39 
13 28 -33 -8 -61 58 -2 

-1 3 43 -45 -20 60 59 
33 -29 7 -49 0 -18 52 
-46 11 -53 7 34 -44 55 
61 33 -31 50 -28 -17 -15 
-61 27 45 -21 5 59 23 
-29 -26 -60 -4 59 61 56 


-48 26 -63 -50 50 -46 39 
-42 -40 -12 -37 -16 -5 58 
9 -27 -61 -14 -47 -52 -32 
25 -24 27 32 -36 7 18 
59 -15 21 -44 -27 -19 -17 
-29 -29 -64 -12 18 -21 0 

41 26 -52 -29 -22 45 -17 
60 34 -2 26 0 22 -32 
37 -46 -58 42 -48 24 28 
56 -28 -55 -9 -44 34 7 
43 -34 -49 8 -19 60 43 
-39 -17 -7 -3 18 -6 49 


-32 -39 20 -7 46 -32 17 
37 29 38 -22 61 -34 26 
-31 13 -63 5 -24 55 56 
-25 42 -9 48 -21 24 12 
48 -44 -3 -36 8 18 15 
-12 -16 50 0 -26 39 1 

12 15 9 -20 15 8 -31 
48 25 -26 -48 50 58 10 
-28 31 -46 -24 54 -48 -52 
58 -39 37 -31 -61 -35 -47 
-53 30 -40 40 47 27 -24 
-27 -26 32 -16 -60 56 -40 


-35 -24 33 -39 -42 26 -5 
-5 -24 3 24 17 -28 50 
-42 22 -6 11 47 24 19 
-19 19 57 -37 -18 -21 26 
62 -27 -13 23 -3 8 -7 
36 14 -52 5 40 57 -27 

6 19 53 0 20 58 -11 
-26 -36 -29 -20 36 53 -18 
55 11 15 -25 49 -19 54 
-3 21 33 46 28 6 58 
31 -31 37 -6 -14 -41 -18 
-25 -39 27 -29 -63 11 -34 


-14 4 50 -45 3 29 2 
35 16 32 -10 -58 -40 -38 
-8 12 38 49 -45 10 60 
2 4 33 41 1 -17 18 
17 -23 51 28 3 -2 -64 
25 8 2 -22 50 -11 -58 

-10 -8 9 -37 -58 21 32 
49 23 -28 20 -25 -60 -54 
54 -19 -55 37 29 55 33 
43 4 -52 -38 -9 -45 19 
19 -12 43 -2 56 55 24 
50 29 -59 11 -26 7 54 


-29 -37 -59 23 -17 50 11 
47 39 36 -24 32 -31 52 
20 -36 25 -42 6 -33 -45 
-31 30 -19 11 -31 -26 13 
51 -22 -36 -5 30 54 22 
-37 -31 9 1 -34 -17 50 

60 6 -37 -33 33 -32 55 
6 -16 34 -11 -41 7 30 
-53 30 25 8 31 9 -55 
39 -34 -31 -2 -22 18 40 
-18 16 -31 -42 33 -22 13 
-14 -15 -32 13 18 41 -50 


22 39 21 24 46 -38 -40 
17 15 -26 22 -57 -12 63 
18 -18 55 -10 -50 47 -20 
-53 -25 -36 32 37 6 38 
-23 24 53 7 -26 -35 56 
-43 -5 58 -22 19 30 45 

-59 -8 -50 -23 -56 -56 -38 
-48 -4 -39 -40 -12 22 2 
-59 22 19 -36 18 59 51 
-45 43 45 -31 61 -4 10 
57 -9 33 -29 -49 22 42 
7 36 42 -43 -64 -28 -53 


19 13 -32 -40 11 54 10 
-15 -21 7 44 -32 -47 30 
-4 -18 -51 -41 -62 17 -4 
-53 -45 8 -45 -10 -41 21 
40 -15 31 7 8 -24 -26 
29 41 17 30 -62 47 62 

52 -17 -36 -27 42 -34 57 
38 32 -17 -6 -19 15 18 
-49 11 49 29 -3 21 61 
-18 19 -41 -20 46 59 -40 
0 40 28 26 34 -42 -39 
-1 -41 32 -36 -64 -15 58 


18 24 26 26 41 -24 54 
2 -20 56 -39 31 13 -53 
-61 28 54 -29 -30 53 51 
-44 13 41 -42 -37 -24 36 
-7 28 37 31 -23 59 61 
-44 -17 39 43 41 27 15 

-44 -20 -24 44 -27 -55 45 
-39 -15 36 28 29 29 53 
61 17 -26 18 -33 -21 9 
24 13 3 44 -38 -20 -62 
19 -39 32 -8 40 57 25 
49 23 24 -13 -18 -33 59 


30 -6 -25 -39 38 -55 5 
61 21 -56 -7 1 -41 6 
56 9 -8 27 27 63 2 
-9 15 -26 -41 -16 55 22 
-33 26 -59 20 -29 60 -64 
-28 -32 -53 -7 49 -32 42 

-14 33 44 -48 -37 -45 -23 
55 29 59 -11 -21 38 56 
32 -20 -60 11 -12 35 -27 
55 -35 29 -42 24 -45 -19 
63 -33 35 -34 57 41 51 
-25 -23 -46 -16 21 -44 -48 


32 20 47 26 33 -37 -46 
-18 -46 6 -29 51 -62 54 
56 -16 -8 -37 33 39 -44 
-28 14 17 -14 52 -30 41 
-43 23 50 -23 50 52 -35 
-50 -22 -52 -4 40 -39 8 

20 22 -33 -8 9 -57 54 
8 6 40 -45 -38 -31 2 
-21 44 -43 -35 -23 61 -21 
-25 22 48 12 40 -52 63 
-63 -11 48 -24 -17 16 -64 
57 -41 -37 -35 25 30 -15 


22 26 -50 -27 -43 -39 -62 
52 13 -31 -11 -30 56 -30 
-40 32 55 -34 1 8 26 
49 -20 46 38 62 -44 63 
-11 7 -4 -17 14 -27 20 
51 16 54 26 -32 39 21 

26 33 53 16 36 21 30 
41 11 43 8 52 30 -7 
26 -3 -21 25 -64 25 -36 
-22 25 46 -28 43 57 10 
-50 31 20 -15 -57 -17 5 
-16 -21 61 -10 -16 -31 -33 


23 18 44 31 17 -40 16 
33 -15 0 -45 25 17 38 
-36 27 -17 -38 -64 -16 21 
-23 -2 62 36 -35 38 47 
41 -13 -51 2 -61 -60 52 
54 31 -33 -32 20 -59 -27 

-44 -14 -49 -12 25 -20 36 
-14 -18 35 -29 2 -24 20 
26 -32 38 16 23 57 56 
2 5 -24 -19 -26 40 -40 
-34 16 -29 -25 -7 44 -49 
58 33 21 37 -59 -42 51 


-51 -36 -29 -23 -47 44 63 
24 31 37 -22 -54 -48 -52 
38 -29 13 -46 24 -18 60 
40 -1 56 -30 -17 -4 -39 
-32 35 -23 -6 3 -22 8 
22 21 -41 -6 -53 32 -62 

60 -35 45 18 34 -28 -57 
-43 -10 44 41 -36 -61 -29 
-17 -18 -6 -35 25 41 -22 
-20 35 27 3 -19 -25 -10 
5 18 -37 -36 11 -33 29 
-13 2 51 -33 25 -21 -37 


39 21 9 19 31 39 12 
61 26 -14 -16 -37 -35 -60 
-62 20 22 -20 -35 -64 -2 
35 -25 32 16 63 -25 -1 
28 -24 45 -29 -48 -12 -2 
-9 -42 42 -49 13 -32 28 

-52 -33 -30 -39 52 -29 -28 
-5 -16 -16 34 25 23 7 
45 23 7 47 -21 -35 -37 
51 -14 -12 16 -58 26 -42 
24 -9 -10 13 -39 24 -19 
-46 -29 48 -26 36 49 -15 


0 22 -3 5 32 -49 48 
62 14 22 -3 -33 -64 -41 
18 -15 -43 23 5 58 -19 
58 -17 20 -5 57 54 -42 
-6 13 -15 -28 -38 21 -35 
-4 -34 -30 21 35 -60 59 

-1 17 -22 25 51 44 -11 
21 -26 -34 42 -48 -40 -5 
53 21 -19 26 -57 -36 -39 
9 22 11 25 29 -48 26 
-24 14 -56 34 -36 -7 -57 
-31 -1 11 37 -60 -7 31 


-46 -12 21 32 -61 -22 11 
34 -9 -42 33 36 -20 3 
-39 34 -42 -3 32 -43 -60 
18 3 30 38 32 -51 -47 
-34 29 38 -33 -43 -55 7 
-35 0 14 24 35 35 62 

41 -18 -10 -30 26 36 7 
-20 -34 -2 -12 -27 -36 23 
52 22 40 -34 -45 -61 -7 
-12 32 -61 -46 -35 -10 22 
29 -14 -61 -43 -9 28 -33 
-24 -33 22 29 -56 -54 13 


-30 18 -27 41 9 -43 -55 
-2 -24 -10 -9 -28 5 31 
19 3 2 34 56 -25 38 
32 -25 41 39 -53 32 -6 
-29 8 9 -22 -20 -22 10 
-29 -35 -30 -13 -36 0 30 

-17 -6 29 -40 21 56 7 
27 -15 -33 38 -43 -25 -28 
57 -18 0 -40 28 48 44 
54 -26 9 9 -60 -4 -61 
-5 -25 32 30 47 -23 -56 
1 -25 40 -40 -14 -7 45 


-47 -39 -14 -30 45 21 -38 
-31 -14 29 35 35 0 21 
-50 27 -38 -30 40 -50 56 
-29 38 -53 -11 26 -30 43 
35 -31 15 8 -37 -25 -20 
-29 -36 -45 34 -28 62 59 

-64 -23 -16 -40 -49 -16 36 
39 35 7 -5 -44 -21 -60 
-40 37 24 -7 -41 -11 -36 
-8 -17 53 49 46 -29 29 
-60 9 16 -12 3 11 7 
-15 -35 -51 20 41 -47 3 


31 8 15 50 -50 -57 27 
44 18 51 39 -21 56 44 
-11 -1 51 24 -4 50 -10 
15 -35 -42 -31 62 -22 45 
45 -20 24 -4 9 46 29 
51 31 18 -5 55 -36 -32 

-11 -22 44 -47 -24 37 54 
44 36 54 -20 7 31 -30 
-37 19 -50 16 -46 -63 -23 
-24 20 3 -24 9 -12 -7 
-28 21 37 12 -23 -24 52 
-15 -21 -1 22 -64 -28 -30 


37 1 -19 -23 -22 60 6 
58 19 -26 -29 -57 56 15 
13 -29 27 -32 -53 -52 -27 
-44 -40 27 -45 63 -3 22 
6 -34 25 37 41 -35 -11 
-1 -5 38 -43 19 25 -43 

52 -33 -7 -46 30 47 -10 
55 -2 -21 -48 -27 32 61 
-45 33 -63 -26 26 -9 -9 
54 -30 3 3 5 -33 35 
37 -21 -56 -21 9 33 -48 
31 31 -30 -20 -51 -27 24 


24 40 -12 9 -64 52 37 
-23 -40 29 40 22 -57 42 
28 18 51 -32 22 29 26 
20 12 4 47 -55 54 -6 
-2 -1 -30 -25 -32 -6 59 
9 31 19 -6 42 -20 -2 

15 -24 0 -50 6 26 11 
-17 -27 62 13 57 -14 54 
-10 -19 25 31 5 -10 8 
43 -25 19 7 -53 34 62 
-19 12 42 26 63 41 6 
46 15 28 21 -59 -12 34 


-27 -11 39 -31 -26 -56 33 
45 21 47 -15 26 55 -44 
35 -39 -62 38 43 -47 -50 
-35 2 -57 28 -37 19 0 
-33 7 -47 41 -64 -18 38 
-27 -29 -12 15 -29 45 -36 

-33 -40 45 -48 -29 44 11 
24 39 -9 38 -55 -38 -42 
14 -8 29 41 14 41 -23 
-5 17 -40 -9 -4 40 3 
-35 18 20 19 -19 -16 47 
31 21 -48 -22 24 11 63 


48 11 -56 -42 46 -3 37 
47 35 12 2 31 -18 23 
4 -10 13 31 -44 -23 -26 
-35 20 -52 41 -32 -39 38 
-51 37 63 -26 25 54 31 
-48 -5 29 23 44 19 42 

-46 -22 -63 5 31 -19 43 
-31 0 -55 -40 -12 -17 54 
-42 29 10 -16 31 -9 4 
14 4 -16 -45 58 61 50 
30 -12 20 38 -29 31 19 
-52 -32 57 -8 57 -53 -8 


-53 -2 60 -46 -6 -2 -17 
40 9 20 -35 11 -18 -11 
4 -19 -57 -36 17 49 -23 
-18 2 -57 24 10 50 -18 
61 16 33 -24 6 20 41 
-43 -26 5 -21 -8 -31 -42 

27 20 38 22 41 26 -39 
-55 33 -39 -23 -58 14 62 
-53 -11 61 30 59 44 47 
-19 11 54 27 -50 61 -13 
-21 19 -23 -37 -64 2 21 
-25 -7 16 36 18 41 31 


-60 -39 35 26 30 63 57 
47 30 36 -19 17 40 37 
26 -36 -26 -19 6 -57 -11 
-42 -6 -57 37 6 47 -22 
-29 36 -26 -29 -35 54 -23 
-17 -17 62 -20 16 16 53 

-40 -20 -27 14 33 -62 -29 
62 15 40 45 -32 42 56 
30 -33 -3 -48 -53 30 -21 
-61 -16 62 -50 37 -17 -7 
-2 43 21 28 29 -57 -40 
53 12 -21 -12 29 -61 49 


19 23 -28 10 -2 6 12 
-27 -18 -9 -46 17 51 -33 
38 -24 -30 27 22 32 32 
31 -27 -22 -41 58 -23 -44 
-23 14 54 21 -27 24 45 
-39 -25 6 -14 46 61 -49 

25 38 12 5 -23 46 51 
42 36 31 21 -19 -60 23 
-37 31 25 3 -49 37 5 
43 -35 23 10 2 -62 33 
-47 29 -2 -22 48 -50 56 
-19 -27 37 18 53 53 -51 


