7 2

0 0 0 0 0 0 0 
0 0 0 0 0 0 0

-17 0 0 -20 0 9 0 
6 4 0 0 0 33 0


0 0 0 -18 0 0 0 
0 0 0 -18 0 0 0

0 0 0 -14 0 0 0 
0 0 0 -19 0 0 0


0 18 0 0 0 0 0 
-26 15 0 0 0 0 0

0 18 0 0 0 0 0 
16 15 0 0 0 0 0 


-17 0 0 -20 0 9 0 
6 4 0 0 0 33 0

-17 0 0 -5 0 25 0 
6 0 0 -24 0 6 0


0 18 0 -31 0 0 0 
0 -18 0 31 0 0 0

0 -11 0 36 0 0 0 
0 15 0 -35 0 0 0


0 14 0 0 0 0 0 
0 9 0 0 0 0 0

-21 14 0 0 0 0 0 
0 9 0 0 0 0 0 


0 0 0 0 0 0 0
0 0 0 0 0 0 0

-5 31 0 8 0 -19 0 
-12 17 0 -20 0 20 0


0 0 0 0 0 0 0
0 0 0 0 0 0 0

4 13 0 -33 0 20 0 
4 12 0 -38 12 24 0
